1.0
[2.94014874e-01 3.97879959e-02 1.46756900e-01 1.05867682e-02
 2.69551705e-03 3.49282407e-02 5.64043943e-06 9.66237129e-05
 2.52853081e-02 2.03475525e-05]
1.5
[3.27353230e-01 3.43177853e-02 1.41602827e-01 7.31955105e-04
 1.94975501e-02 2.27286195e-02 4.10900417e-06 8.57367309e-04
 1.34851192e-02 2.14134874e-05]
2.0
[3.44787161e-01 3.17952505e-02 1.37438164e-01 8.34638168e-04
 2.23309592e-02 1.56084010e-02 2.17106311e-06 8.33522192e-04
 9.55743993e-03 2.16150238e-05]
2.5
[3.55494079e-01 3.03426918e-02 1.34405861e-01 1.64751807e-03
 1.30314629e-02 2.10502656e-02 1.89442765e-06 8.91504565e-04
 7.72276241e-03 2.99057908e-05]
3.0
[3.62732415e-01 2.93973323e-02 1.32154607e-01 4.89636257e-03
 8.23997159e-03 2.06125010e-02 1.82330828e-06 7.51949403e-04
 6.67040343e-03 3.95275554e-05]
3.5
[3.67950344e-01 2.87324151e-02 1.30431378e-01 1.00559567e-02
 7.10681322e-03 1.51172319e-02 1.54953779e-06 6.63752201e-04
 5.99182515e-03 4.29559174e-05]
4.0
[3.71889072e-01 2.82389740e-02 1.29074842e-01 1.66193757e-02
 5.49144360e-03 8.41898028e-03 1.32308441e-06 1.22755162e-03
 5.52568180e-03 3.43930449e-05]
