Best 25 rewards
OPE 2 means:
[0.03819178 0.03924156 0.03823299 0.03686944 0.0358933  0.03379695
 0.03328441 0.03175733 0.03104908 0.02977864 0.02922156 0.02743926]
OPE 2 lower bounds: 
[0.03937758 0.03619844 0.03416609 0.03275576 0.0317196  0.03092587
 0.03029819 0.02978924 0.02936815 0.02901391 0.02871174 0.02822345]
OPE 2 upper bounds: 
[0.04019841 0.03667194 0.03446949 0.0329645  0.0318709  0.03104005
 0.0303872  0.02986051 0.02942652 0.02906264 0.02875309 0.0282545 ]
OPE 2 stds:
[0.00164614 0.00114679 0.00061438 0.00053921 0.00067369 0.00066484
 0.00052331 0.00063836 0.00069078 0.00087205 0.00063609 0.00109789]
OPE 2 relative error x100
[4.31020016 2.92238272 1.6069325  1.46247225 1.87692216 1.96717112
 1.57224092 2.01012244 2.224798   2.92844706 2.17677672 4.00117973]
OPE 2 bound error x100
[2.08451737 1.30807413 0.88801344 0.63724026 0.47696537 0.36919723
 0.2937851  0.23926589 0.19875827 0.16795117 0.14403756 0.10999155]



OPE 3 means:
[0.14851436 0.14047348 0.13688494 0.13473763 0.13285396 0.13269463
 0.1312112  0.13110784 0.13037642 0.13042248 0.12988181 0.129857  ]
OPE 3 lower bounds: 
[0.1461752  0.14385905 0.14142112 0.13923712 0.13735378 0.13574163
 0.13435798 0.13316313 0.13212386 0.13121328 0.13040988 0.12905884]
OPE 3 upper bounds: 
[0.1473386  0.14446374 0.14178453 0.13947684 0.13752255 0.13586638
 0.13445374 0.13323891 0.13218535 0.13126425 0.13045288 0.12909084]
OPE 3 stds:
[0.00223844 0.00141471 0.00071592 0.00060515 0.00073622 0.00071278
 0.00055137 0.00066972 0.0007184  0.00090166 0.00065426 0.00112093]
OPE 3 relative error x100
[1.50722084 1.00709978 0.52301135 0.449132   0.55415491 0.5371603
 0.42021942 0.51081851 0.55101777 0.69134057 0.50373493 0.86320262]
OPE 3 bound error x100
[0.79589429 0.42033468 0.25696827 0.17216456 0.12287698 0.09189849
 0.07127063 0.05690804 0.04654371 0.03884168 0.03297379 0.02479286]



OPE 2+3 means:
[0.18670614 0.17971504 0.17511792 0.17160707 0.16874726 0.16649158
 0.16449561 0.16286517 0.1614255  0.16020112 0.15910337 0.15729627]
OPE 2+3 lower bounds: 
[0.18555278 0.18005748 0.17558721 0.17199288 0.16907338 0.1666675
 0.16465617 0.16295237 0.16149201 0.1602272  0.15912161 0.1572823 ]
OPE 2+3 upper bounds: 
[0.18753701 0.18113567 0.17625402 0.17244133 0.16939345 0.16690643
 0.16484094 0.16309942 0.16161187 0.16032689 0.15920597 0.15734534]
OPE 2+3 stds:
[5.92330272e-04 2.67975690e-04 1.01648271e-04 6.61865307e-05
 6.26670604e-05 4.80608060e-05 2.84279115e-05 3.15388964e-05
 2.77153627e-05 2.97597394e-05 1.82911883e-05 2.31890009e-05]
OPE 2+3 relative error x100
[0.3172527  0.14911144 0.05804561 0.03856865 0.03713664 0.02886681
 0.01728187 0.01936503 0.01716914 0.01857649 0.01149642 0.01474225]
OPE 2+3 bound error x100
[1.06936289 0.59880424 0.37975821 0.26073747 0.18930698 0.14335246
 0.11221525 0.09024478 0.07422471 0.06222081 0.05301402 0.0400813 ]
