Best 10 rewards
OPE 2 means:
[0.03815706 0.04020996 0.03860733 0.03721314 0.03638458 0.03433335
 0.03348246 0.03218481 0.03162523 0.03049125 0.02965691 0.02759387]
OPE 2 lower bounds: 
[0.03937758 0.03619844 0.03416609 0.03275576 0.0317196  0.03092587
 0.03029819 0.02978924 0.02936815 0.02901391 0.02871174 0.02822345]
OPE 2 upper bounds: 
[0.04019841 0.03667194 0.03446949 0.0329645  0.0318709  0.03104005
 0.0303872  0.02986051 0.02942652 0.02906264 0.02875309 0.0282545 ]
OPE 2 stds:
[0.00139082 0.00079622 0.00057308 0.00045634 0.00042488 0.00062897
 0.00033127 0.00051998 0.00062652 0.00081521 0.00053823 0.00057385]
OPE 2 relative error x100
[3.64499457 1.98015037 1.48436928 1.22627934 1.16775665 1.83195065
 0.98938797 1.61561669 1.98109073 2.67358351 1.81484246 2.07961067]
OPE 2 bound error x100
[2.08451737 1.30807413 0.88801344 0.63724026 0.47696537 0.36919723
 0.2937851  0.23926589 0.19875827 0.16795117 0.14403756 0.10999155]



OPE 3 means:
[0.14856581 0.13928046 0.13645023 0.13435051 0.13231443 0.13212048
 0.13100026 0.13065864 0.12977685 0.12968411 0.12943294 0.12969642]
OPE 3 lower bounds: 
[0.1461752  0.14385905 0.14142112 0.13923712 0.13735378 0.13574163
 0.13435798 0.13316313 0.13212386 0.13121328 0.13040988 0.12905884]
OPE 3 upper bounds: 
[0.1473386  0.14446374 0.14178453 0.13947684 0.13752255 0.13586638
 0.13445374 0.13323891 0.13218535 0.13126425 0.13045288 0.12909084]
OPE 3 stds:
[0.00189047 0.0009836  0.00067043 0.0005117  0.00046262 0.00067494
 0.00035112 0.00054547 0.00065117 0.00084104 0.00055347 0.00058687]
OPE 3 relative error x100
[1.2724772  0.70619795 0.49133445 0.38087136 0.34964006 0.51085337
 0.26803232 0.41748048 0.50176266 0.64853303 0.4276087  0.45249897]
OPE 3 bound error x100
[0.79589429 0.42033468 0.25696827 0.17216456 0.12287698 0.09189849
 0.07127063 0.05690804 0.04654371 0.03884168 0.03297379 0.02479286]



OPE 2+3 means:
[0.18672287 0.17949042 0.17505756 0.17156365 0.16869902 0.16645382
 0.16448273 0.16284345 0.16140208 0.16017537 0.15908985 0.15729029]
OPE 2+3 lower bounds: 
[0.18555278 0.18005748 0.17558721 0.17199288 0.16907338 0.1666675
 0.16465617 0.16295237 0.16149201 0.1602272  0.15912161 0.1572823 ]
OPE 2+3 upper bounds: 
[0.18753701 0.18113567 0.17625402 0.17244133 0.16939345 0.16690643
 0.16484094 0.16309942 0.16161187 0.16032689 0.15920597 0.15734534]
OPE 2+3 stds:
[4.99654119e-04 1.87439282e-04 9.74206163e-05 5.55177866e-05
 3.78168224e-05 4.60874533e-05 1.99956003e-05 2.55642380e-05
 2.46967178e-05 2.58856270e-05 1.52934139e-05 1.30755137e-05]
OPE 2+3 relative error x100
[0.26759128 0.10442857 0.05565062 0.03235988 0.02241674 0.02768783
 0.01215666 0.01569866 0.01530136 0.0161608  0.00961307 0.00831298]
OPE 2+3 bound error x100
[1.06936289 0.59880424 0.37975821 0.26073747 0.18930698 0.14335246
 0.11221525 0.09024478 0.07422471 0.06222081 0.05301402 0.0400813 ]
