Integral mode: 0
Reward: [721.74031949 721.300608   720.56069243 720.22925825 720.13847996
 719.66659614 718.73945963 718.06045177 717.88555482 717.50509316]
OPE1 error: [0.00047455 0.00061693 0.00055272 0.00066895 0.00064662 0.0005808
 0.00068906 0.00052947 0.00066338 0.00054554]
OPE2 error: [0.9970952  0.99355636 0.99959001 0.99529569 0.99999221 0.99705708
 0.9890096  0.99981992 0.99672359 0.99320388]
OPE3 error: [0.26880112 0.26752032 0.26966828 0.26786445 0.26948452 0.26887768
 0.26628348 0.26966258 0.2686611  0.2680763 ]
Crossing norms: [0.00138554 0.00138638 0.00138781 0.00138845 0.00138862 0.00138953
 0.00139132 0.00139264 0.00139298 0.00139372]
Lambdas means: [2.93839356e-01 1.52219755e-04 1.86897539e-01 4.08918417e-02
 3.07177728e-04 1.96692756e-04 2.02484369e-05 7.92989014e-05
 2.75014116e-02 1.34889786e-04]
Lambdas stds: [1.97975236e-05 1.30142218e-04 1.50257981e-04 3.84374184e-04
 3.96195152e-04 1.14797070e-04 1.97199476e-05 1.02779165e-04
 1.73304735e-04 1.98768509e-04]
Lambdas rel_errs: [6.73753301e-05 8.54962736e-01 8.03959121e-04 9.39977677e-03
 1.28979127e+00 5.83636493e-01 9.73899747e-01 1.29609821e+00
 6.30166689e-03 1.47356234e+00]
Integral mode: 1
Reward: [633.9438302  615.00909242 608.24428065 605.64921673 602.79642054
 595.25391028 594.58161555 593.92234483 593.43164789 588.81227477]
OPE1 error: [0.00051873 0.00049516 0.00051441 0.00046906 0.00051732 0.00050107
 0.00050805 0.0005011  0.00049306 0.00049291]
OPE2 error: [0.978173   0.90860574 0.99386661 0.81483789 0.99083606 0.98468702
 0.97618994 0.97662861 0.97795876 0.97215371]
OPE3 error: [0.26718115 0.24719755 0.27259843 0.21899685 0.27300855 0.27234949
 0.26778459 0.26907351 0.27141694 0.26937804]
Crossing norms: [0.00157558 0.00162492 0.00163631 0.00164656 0.00165515 0.00167353
 0.00168062 0.0016825  0.00168281 0.00169277]
Constraint 1: [1.85044391e-09 1.07693848e-09 7.76444781e-09 4.56552474e-09
 3.78830717e-09 6.42638170e-09 1.23650912e-09 1.22272303e-09
 2.30252911e-09 5.56800617e-09]
Lambdas means: [2.94162250e-01 1.67773168e-03 1.86073699e-01 3.48332844e-02
 3.79875803e-03 2.18409983e-03 2.06001793e-04 1.10768696e-03
 2.51320130e-02 2.54380334e-03]
Lambdas stds: [4.15074268e-06 2.07216833e-03 2.40048532e-03 4.11451235e-03
 3.50905767e-03 2.17166534e-03 1.49055505e-04 1.74498720e-03
 2.18572111e-03 2.82467832e-03]
Lambdas rel_errs: [1.41103853e-05 1.23510115e+00 1.29007234e-02 1.18120138e-01
 9.23738137e-01 9.94306812e-01 7.23564117e-01 1.57534327e+00
 8.69695997e-02 1.11041537e+00]
Integral mode: 2
Reward: [450.89625235 436.75794048 425.7323137  423.9036693  418.55820333
 411.90439436 411.2835884  409.84842032 408.52239483 406.45167498]
OPE1 error: [4.47693596e-05 2.84527300e-05 5.40841998e-05 4.30481348e-05
 5.12765794e-05 6.52472815e-05 3.69807625e-05 3.92690312e-05
 4.72373532e-05 4.38794510e-05]
OPE2 error: [0.43148892 0.295703   0.45648753 0.34417167 0.42081208 0.53798154
 0.27006043 0.23090959 0.32111888 0.32922496]
OPE3 error: [0.14327967 0.10001052 0.14861881 0.1114691  0.13676221 0.17385669
 0.08683934 0.07105435 0.10110483 0.10563005]
Crossing norms: [0.00220197 0.00227907 0.00233127 0.00234271 0.00238045 0.0024195
 0.00241343 0.00243634 0.00244362 0.00243634]
Constraint 1: [4.34692088e-09 7.00388580e-10 6.60182037e-09 1.47193866e-08
 3.05942771e-10 3.72578030e-09 1.30820182e-08 7.78414000e-10
 1.01336628e-09 8.41576769e-09]
Constraint 2: [1.14896357e-09 9.83098852e-10 1.10245165e-09 1.59890601e-10
 8.39803761e-10 4.51875384e-10 4.89912694e-10 2.80670133e-10
 3.20955179e-10 1.55661307e-09]
Lambdas means: [0.29400147 0.05482243 0.12894662 0.03454262 0.00542359 0.00599641
 0.00152195 0.00288753 0.02130947 0.00282185]
Lambdas stds: [2.80650559e-06 3.62341153e-03 4.39207003e-03 8.54462517e-03
 5.89286064e-03 4.71447884e-03 1.46914162e-03 2.96320747e-03
 2.85635484e-03 2.39829968e-03]
Lambdas rel_errs: [9.54588966e-06 6.60935981e-02 3.40611497e-02 2.47364737e-01
 1.08652389e+00 7.86217464e-01 9.65300402e-01 1.02620922e+00
 1.34041544e-01 8.49901938e-01]
