0.05
[4.93310403e-03 8.61081299e-06 2.05695700e-01 7.69229258e-02
 1.51792508e-02 1.39083161e-02 5.99668198e-03 6.20400472e-03
 2.98731250e-03 9.91522312e-02]
0.1
[0.0189695  0.05992976 0.15013902 0.06117982 0.01432001 0.01390496
 0.00887948 0.00643691 0.00320736 0.09795981]
0.15
[0.04009239 0.07897877 0.13283348 0.05950587 0.01707195 0.00905905
 0.00314423 0.00590568 0.00326274 0.09760613]
0.2
[0.06567903 0.08225205 0.13050031 0.05413305 0.01592911 0.00885943
 0.00291912 0.00212097 0.0014142  0.09738368]
0.25
[0.09313837 0.07923539 0.133717   0.05110363 0.01062889 0.00585705
 0.0011496  0.00174349 0.00027769 0.09750209]
0.3
[0.12030874 0.07296986 0.1402231  0.04502272 0.00523007 0.00316943
 0.00061232 0.00131949 0.0002153  0.09709926]
0.35
[0.14566609 0.0653657  0.14849651 0.0358764  0.00221655 0.00163468
 0.00016311 0.00036945 0.00077321 0.0958111 ]
0.4
[1.68388825e-01 5.73579832e-02 1.57808261e-01 2.36336399e-02
 1.78384012e-03 1.45824780e-03 1.56639612e-04 2.19713355e-04
 4.26647121e-03 8.98885090e-02]
0.45
[1.88254445e-01 5.07687553e-02 1.64023080e-01 1.84279618e-02
 3.30225802e-04 2.47935594e-04 1.43373450e-04 8.29340622e-05
 7.13266138e-02 1.92859791e-02]
0.5
[2.05423729e-01 4.76529350e-02 1.63082643e-01 2.27993405e-02
 1.28159150e-03 1.25045710e-03 2.00937374e-04 8.84255898e-05
 7.77445185e-02 1.86103905e-03]
0.6
[0.23304173 0.04436624 0.15874052 0.02986651 0.00194359 0.00275737
 0.00039013 0.00080109 0.0612774  0.00140631]
0.7
[0.25397363 0.04171518 0.15632354 0.02625278 0.00652736 0.00685721
 0.00103965 0.00228348 0.04664264 0.00124136]
0.8
[0.27028674 0.0390129  0.1552642  0.01714446 0.01207313 0.01318401
 0.00072049 0.00335779 0.03605344 0.00090597]
0.9
[0.28333863 0.0372621  0.15343955 0.01119512 0.01279637 0.01957008
 0.00040773 0.00387313 0.02915751 0.00054054]
1.0
[2.94014874e-01 3.97879959e-02 1.46756900e-01 1.05867682e-02
 2.69551705e-03 3.49282407e-02 5.64043943e-06 9.66237129e-05
 2.52853081e-02 2.03475525e-05]
1.5
[3.27353230e-01 3.43177853e-02 1.41602827e-01 7.31955105e-04
 1.94975501e-02 2.27286195e-02 4.10900417e-06 8.57367309e-04
 1.34851192e-02 2.14134874e-05]
2.0
[3.44787161e-01 3.17952505e-02 1.37438164e-01 8.34638168e-04
 2.23309592e-02 1.56084010e-02 2.17106311e-06 8.33522192e-04
 9.55743993e-03 2.16150238e-05]
2.5
[3.55494079e-01 3.03426918e-02 1.34405861e-01 1.64751807e-03
 1.30314629e-02 2.10502656e-02 1.89442765e-06 8.91504565e-04
 7.72276241e-03 2.99057908e-05]
3.0
[3.62732415e-01 2.93973323e-02 1.32154607e-01 4.89636257e-03
 8.23997159e-03 2.06125010e-02 1.82330828e-06 7.51949403e-04
 6.67040343e-03 3.95275554e-05]
3.5
[3.67950344e-01 2.87324151e-02 1.30431378e-01 1.00559567e-02
 7.10681322e-03 1.51172319e-02 1.54953779e-06 6.63752201e-04
 5.99182515e-03 4.29559174e-05]
4.0
[3.71889072e-01 2.82389740e-02 1.29074842e-01 1.66193757e-02
 5.49144360e-03 8.41898028e-03 1.32308441e-06 1.22755162e-03
 5.52568180e-03 3.43930449e-05]
