Number of runs considered: 10
Average reward: 897.6688076039878
Reward standard deviation: 542.1075295583101
Delta averages: [ 4.  8.  2.  6. 10.  4.  8.  6. 10.  8. 10.]
Delta standard deviations: [0. 0. 0. 0. 0. 0. 0. 0. 0. 0. 0.]
Delta relative std: [0. 0. 0. 0. 0. 0. 0. 0. 0. 0. 0.]
Delta average relative error: [3. 7. 1. 5. 9. 3. 7. 5. 9. 7. 9.]
OPE coefficient averages: [9.75193769e-01 1.55007983e-02 1.04056550e+00 8.61502409e-02
 4.10267104e-03 1.00691848e-01 8.67187864e-03 7.59670964e-03
 9.37510407e-04 6.10347815e-04 5.75448543e-05]
OPE coefficient standard deviation: [4.02674971e-02 8.45407000e-03 6.64734006e-02 1.91636607e-02
 3.50606247e-03 1.96612852e-03 9.47969927e-04 1.44860857e-03
 7.27432037e-04 7.16915716e-05 6.82572042e-05]
OPE coefficient relative std: [0.04129179 0.54539578 0.063882   0.22244466 0.85458045 0.01952619
 0.10931541 0.19068895 0.77591889 0.11746019 1.18615652]
OPE coefficient average relative error: [0.04059379 0.9844992  0.06731091 0.91384976 0.99589733 0.89930815
 0.99132812 0.99240329 0.99906249 0.99938965 0.99994246]
