Number of runs considered: 10
Average reward: 551.7054332857681
Reward standard deviation: 163.08597676255522
Delta averages: [ 3.1633664   4.54068047  2.          3.93224995  6.24355239  4.85301623
  6.80628084  7.39185326  9.01819332  8.86803708 10.2275034 ]
Delta standard deviations: [0.43007729 0.80669785 0.         1.16424646 1.41069551 0.63727608
 1.40955549 0.69453264 1.45887698 0.45716008 0.20521851]
Delta relative std: [0.13595557 0.17766012 0.         0.29607641 0.22594437 0.13131546
 0.20709629 0.0939592  0.16177043 0.05155144 0.02006536]
Delta average relative error: [2.1633664  3.54068047 1.         2.93224995 5.24355239 3.85301623
 5.80628084 6.39185326 8.01819332 7.86803708 9.2275034 ]
OPE coefficient averages: [8.11270955e-01 4.88174966e-01 4.29308051e-01 2.45364241e-01
 9.36023584e-02 4.99715359e-02 1.51355808e-02 2.91031621e-03
 1.88596485e-03 4.56555986e-04 1.48044324e-04]
OPE coefficient standard deviation: [2.22550704e-01 2.82009994e-01 3.50879171e-01 1.53157090e-01
 6.70539169e-02 2.98097202e-02 1.67197559e-02 2.22233407e-03
 1.69686258e-03 1.48092007e-04 8.56216230e-05]
OPE coefficient relative std: [0.27432352 0.57768221 0.81731328 0.62420298 0.71636995 0.596534
 1.10466563 0.76360571 0.89973182 0.32436768 0.57835127]
OPE coefficient average relative error: [0.25169746 0.51182503 0.5908581  0.75463576 0.90639764 0.95002846
 0.98486442 0.99708968 0.99811404 0.99954344 0.99985196]
