Number of runs considered: 10
Average reward: 771.9554848970198
Reward standard deviation: 318.34379403011843
Delta averages: [ 4.          8.          2.          6.          7.26981869  4.
  6.73777002  6.          7.2363767   9.3781033  10.18210564]
Delta standard deviations: [0.         0.         0.         0.         1.44022483 0.
 1.07450304 0.         0.92713199 0.8639707  0.16224475]
Delta relative std: [0.         0.         0.         0.         0.19811014 0.
 0.15947458 0.         0.12812102 0.09212638 0.0159343 ]
Delta average relative error: [3.         7.         1.         5.         6.26981869 3.
 5.73777002 5.         6.2363767  8.3781033  9.18210564]
OPE coefficient averages: [9.81455058e-01 1.36982445e-02 1.03055173e+00 5.10563256e-02
 4.26452995e-02 8.64595377e-02 2.10111429e-02 4.25335930e-03
 4.11610374e-03 5.00012444e-04 5.48725939e-05]
OPE coefficient standard deviation: [3.19783676e-02 6.65021823e-03 5.46587964e-02 3.24438061e-02
 3.72413732e-02 1.76317506e-02 1.55691656e-02 3.54165180e-03
 3.19946109e-03 9.61739139e-05 5.37947309e-05]
OPE coefficient relative std: [0.03258261 0.4854796  0.05303838 0.63545125 0.87328202 0.20393066
 0.74099566 0.83267167 0.77730332 0.19234304 0.98035699]
OPE coefficient average relative error: [0.03168998 0.98630176 0.05111524 0.94894367 0.9573547  0.91354046
 0.97898886 0.99574664 0.9958839  0.99949999 0.99994513]
