Number of runs considered: 10
Average reward: 518.841681288701
Reward standard deviation: 126.54561750550468
Delta averages: [ 4.          5.34486278  2.          6.          7.11266653  4.
  6.89309038  7.18386033  7.98333463  9.51126563 10.33383683]
Delta standard deviations: [0.         1.64521444 0.         0.         0.99234737 0.
 1.67822683 0.63887747 0.66594481 0.99888092 0.14679532]
Delta relative std: [0.         0.30781229 0.         0.         0.13951833 0.
 0.24346508 0.08893233 0.08341687 0.10502082 0.01420531]
Delta average relative error: [3.         4.34486278 1.         5.         6.11266653 3.
 5.89309038 6.18386033 6.98333463 8.51126563 9.33383683]
OPE coefficient averages: [6.64427280e-01 3.25906716e-01 1.02492909e+00 6.33158307e-02
 3.12430380e-02 8.04499125e-02 2.78320044e-02 4.14719900e-03
 3.23493726e-03 5.79524548e-04 1.58103164e-04]
OPE coefficient standard deviation: [2.80207748e-01 2.64294580e-01 9.23132116e-02 4.34832079e-02
 3.13060859e-02 3.13268204e-02 3.16459437e-02 3.43114777e-03
 2.83954648e-03 1.63984444e-04 6.00435770e-05]
OPE coefficient relative std: [0.42172824 0.81095162 0.0900679  0.68676676 1.00201799 0.38939533
 1.1370343  0.827341   0.87777482 0.28296376 0.37977467]
OPE coefficient average relative error: [0.34537665 0.67409328 0.0750697  0.93668417 0.96875696 0.91955009
 0.972168   0.9958528  0.99676506 0.99942048 0.9998419 ]
Number of runs considered: 10
Average reward: 518.841681288701
Reward standard deviation: 126.54561750550468
Delta averages: [ 4.          5.34486278  2.          6.          7.11266653  4.
  6.89309038  7.18386033  7.98333463  9.51126563 10.33383683]
Delta standard deviations: [0.         1.64521444 0.         0.         0.99234737 0.
 1.67822683 0.63887747 0.66594481 0.99888092 0.14679532]
Delta relative std: [0.         0.30781229 0.         0.         0.13951833 0.
 0.24346508 0.08893233 0.08341687 0.10502082 0.01420531]
Delta average relative error: [3.         4.34486278 1.         5.         6.11266653 3.
 5.89309038 6.18386033 6.98333463 8.51126563 9.33383683]
OPE coefficient averages: [6.64427280e-01 3.25906716e-01 1.02492909e+00 6.33158307e-02
 3.12430380e-02 8.04499125e-02 2.78320044e-02 4.14719900e-03
 3.23493726e-03 5.79524548e-04 1.58103164e-04]
OPE coefficient standard deviation: [2.80207748e-01 2.64294580e-01 9.23132116e-02 4.34832079e-02
 3.13060859e-02 3.13268204e-02 3.16459437e-02 3.43114777e-03
 2.83954648e-03 1.63984444e-04 6.00435770e-05]
OPE coefficient relative std: [0.42172824 0.81095162 0.0900679  0.68676676 1.00201799 0.38939533
 1.1370343  0.827341   0.87777482 0.28296376 0.37977467]
OPE coefficient average relative error: [0.34537665 0.67409328 0.0750697  0.93668417 0.96875696 0.91955009
 0.972168   0.9958528  0.99676506 0.99942048 0.9998419 ]
Number of runs considered: 10
Average reward: 518.841681288701
Reward standard deviation: 126.54561750550468
Delta averages: [ 4.          5.34486278  2.          6.          7.11266653  4.
  6.89309038  7.18386033  7.98333463  9.51126563 10.33383683]
Delta standard deviations: [0.         1.64521444 0.         0.         0.99234737 0.
 1.67822683 0.63887747 0.66594481 0.99888092 0.14679532]
Delta relative std: [0.         0.30781229 0.         0.         0.13951833 0.
 0.24346508 0.08893233 0.08341687 0.10502082 0.01420531]
Delta average relative error: [3.         4.34486278 1.         5.         6.11266653 3.
 5.89309038 6.18386033 6.98333463 8.51126563 9.33383683]
OPE coefficient averages: [6.64427280e-01 3.25906716e-01 1.02492909e+00 6.33158307e-02
 3.12430380e-02 8.04499125e-02 2.78320044e-02 4.14719900e-03
 3.23493726e-03 5.79524548e-04 1.58103164e-04]
OPE coefficient standard deviation: [2.80207748e-01 2.64294580e-01 9.23132116e-02 4.34832079e-02
 3.13060859e-02 3.13268204e-02 3.16459437e-02 3.43114777e-03
 2.83954648e-03 1.63984444e-04 6.00435770e-05]
OPE coefficient relative std: [0.42172824 0.81095162 0.0900679  0.68676676 1.00201799 0.38939533
 1.1370343  0.827341   0.87777482 0.28296376 0.37977467]
OPE coefficient average relative error: [0.34537665 0.67409328 0.0750697  0.93668417 0.96875696 0.91955009
 0.972168   0.9958528  0.99676506 0.99942048 0.9998419 ]
