Number of runs considered: 5
Average reward: 1008.8750525132248
Reward standard deviation: 112.52224634130597
Delta averages: [ 4.          4.72705229  2.          6.          6.28222399  4.
  6.21489294  6.          7.48493827  8.71261646 10.16613865]
Delta standard deviations: [0.         0.72088693 0.         0.         0.25283078 0.
 1.48105524 0.         1.44733958 0.69270372 0.06260703]
Delta relative std: [0.         0.15250242 0.         0.         0.04024543 0.
 0.23830744 0.         0.19336694 0.07950582 0.00615839]
Delta average relative error: [3.         3.72705229 1.         5.         5.28222399 3.
 5.21489294 5.         6.48493827 7.71261646 9.16613865]
OPE coefficient averages: [5.58874979e-01 4.00741319e-01 1.07228541e+00 1.14313890e-02
 7.62789181e-02 6.89220999e-02 3.94986823e-02 3.27206744e-03
 5.48704935e-03 5.47808879e-04 5.55031676e-05]
OPE coefficient standard deviation: [2.30739613e-01 2.35455909e-01 5.84670918e-02 1.49890998e-02
 2.10116364e-02 3.63088526e-02 3.66187764e-02 3.25080108e-03
 3.46586829e-03 7.34563449e-05 3.52735846e-05]
OPE coefficient relative std: [0.41286445 0.58755087 0.05452568 1.31122297 0.27545798 0.52681002
 0.92708856 0.99350063 0.63164518 0.13409119 0.63552381]
OPE coefficient average relative error: [0.44112502 0.59925868 0.07473124 0.98856861 0.92372108 0.9310779
 0.96050132 0.99672793 0.99451295 0.99945219 0.9999445 ]
