Number of runs considered: 10
Average reward: 885.9205869427194
Reward standard deviation: 339.9747302893179
Delta averages: [ 4.          8.          2.          6.          6.          4.
  7.9718725   6.          7.33637402  8.         10.38788726]
Delta standard deviations: [0.         0.         0.         0.         0.         0.
 1.2613021  0.         0.89704099 0.         0.24960924]
Delta relative std: [0.         0.         0.         0.         0.         0.
 0.15821905 0.         0.12227307 0.         0.02402887]
Delta average relative error: [3.         7.         1.         5.         5.         3.
 6.9718725  5.         6.33637402 7.         9.38788726]
OPE coefficient averages: [1.00810247e+00 8.46888479e-03 9.86072403e-01 5.80641216e-02
 4.61669721e-02 9.57405360e-02 1.14931486e-02 4.25192871e-03
 4.00325387e-03 6.47084933e-04 3.63425325e-05]
OPE coefficient standard deviation: [1.85989491e-02 3.94539271e-03 2.80295957e-02 3.89172065e-02
 3.78285120e-02 1.17462530e-02 1.07548277e-02 3.79193733e-03
 3.23413958e-03 1.15575564e-04 3.03439580e-05]
OPE coefficient relative std: [0.01844946 0.46586921 0.02842549 0.67024533 0.81938473 0.1226884
 0.93575991 0.89181583 0.80787771 0.17860957 0.83494341]
OPE coefficient average relative error: [0.01834965 0.99153112 0.028617   0.94193588 0.95383303 0.90425946
 0.98850685 0.99574807 0.99599675 0.99935292 0.99996366]
