Number of runs considered: 10
Average reward: 399.01568035995876
Reward standard deviation: 131.05614814506234
Delta averages: [ 4.          4.19627357  2.          3.6284541   7.18288482  4.88262458
  6.75246266  7.05748447  8.3421457   9.1099906  10.17672766]
Delta standard deviations: [0.         0.18754219 0.         1.09698001 1.23352509 0.39071441
 1.44632533 0.55601413 0.95291344 0.98932534 0.13443327]
Delta relative std: [0.         0.04469256 0.         0.3023271  0.17173115 0.08002139
 0.21419227 0.07878361 0.11422882 0.10859784 0.01320987]
Delta average relative error: [3.         3.19627357 1.         2.6284541  6.18288482 3.88262458
 5.75246266 6.05748447 7.3421457  8.1099906  9.17672766]
OPE coefficient averages: [5.74043373e-01 4.49868029e-01 6.63085543e-01 2.87562357e-01
 6.18513001e-02 6.03789171e-02 1.80014548e-02 7.24280189e-03
 1.81519224e-04 7.33900770e-04 1.86116404e-04]
OPE coefficient standard deviation: [2.64087046e-01 2.20827546e-01 3.62200369e-01 2.13508119e-01
 5.99903110e-02 2.86635990e-02 2.33769728e-02 1.49926703e-03
 4.04434238e-04 2.51632513e-04 8.97034417e-05]
OPE coefficient relative std: [0.4600472  0.49087184 0.54623476 0.7424759  0.96991188 0.4747286
 1.29861575 0.20700097 2.22805182 0.34286994 0.48197494]
OPE coefficient average relative error: [0.42595663 0.55013197 0.38597068 0.71243764 0.9381487  0.93962108
 0.98199855 0.9927572  0.99981848 0.9992661  0.99981388]
