Number of runs considered: 10
Average reward: 488.3086481059918
Reward standard deviation: 163.2859314891808
Delta averages: [ 4.          4.22098851  2.          3.43354984  6.90141442  4.
  7.65023646  6.57606979  8.22977971  8.72008948 10.24652721]
Delta standard deviations: [0.         0.23648479 0.         1.55518072 1.07755286 0.
 2.41492171 0.34765979 1.15234254 0.74107385 0.1855465 ]
Delta relative std: [0.         0.05602592 0.         0.45293669 0.15613507 0.
 0.31566628 0.05286741 0.14002107 0.08498466 0.01810823]
Delta average relative error: [3.         3.22098851 1.         2.43354984 5.90141442 3.
 6.65023646 5.57606979 7.22977971 7.72008948 9.24652721]
OPE coefficient averages: [4.21374802e-01 5.73698726e-01 7.78064893e-01 2.44845101e-01
 6.85251885e-02 7.36915716e-02 2.71385883e-02 5.87591681e-03
 1.86714746e-03 6.16591153e-04 1.05875480e-04]
OPE coefficient standard deviation: [2.45275316e-01 2.39403532e-01 3.09916981e-01 2.41668041e-01
 4.98095758e-02 3.33763104e-02 2.55646704e-02 3.13595471e-03
 2.51946178e-03 2.07070712e-04 6.78319323e-05]
OPE coefficient relative std: [0.58208349 0.41729835 0.39831765 0.98702421 0.72687981 0.45291897
 0.94200443 0.53369624 1.34936412 0.33583147 0.64067651]
OPE coefficient average relative error: [0.5786252  0.42630127 0.2326177  0.7551549  0.93147481 0.92630843
 0.97286141 0.99412408 0.99813285 0.99938341 0.99989412]
