Number of runs considered: 10
Average reward: 795.6652691142988
Reward standard deviation: 347.4638158452021
Delta averages: [ 4.          8.          2.          6.          6.          4.
  7.91036401  6.          8.20192516  9.15440317 10.32217289]
Delta standard deviations: [0.         0.         0.         0.         0.         0.
 1.893593   0.         1.32102516 0.94241106 0.2550946 ]
Delta relative std: [0.         0.         0.         0.         0.         0.
 0.23938127 0.         0.16106282 0.1029462  0.02471327]
Delta average relative error: [3.         7.         1.         5.         5.         3.
 6.91036401 5.         7.20192516 8.15440317 9.32217289]
OPE coefficient averages: [1.00324894e+00 9.89925110e-03 9.90524752e-01 3.40559045e-02
 6.99390299e-02 8.75488435e-02 1.86865802e-02 5.72034852e-03
 2.51468788e-03 6.42908513e-04 8.87493603e-05]
OPE coefficient standard deviation: [2.16871852e-02 4.69231213e-03 3.30980811e-02 3.01568643e-02
 3.14099930e-02 2.42470193e-02 2.21288194e-02 3.65379970e-03
 2.83384104e-03 1.49907541e-04 7.75383310e-05]
OPE coefficient relative std: [0.02161695 0.47400678 0.03341469 0.8855106  0.44910536 0.27695419
 1.18420915 0.63873725 1.12691562 0.23317088 0.87367763]
OPE coefficient average relative error: [0.01887406 0.99010075 0.02906401 0.9659441  0.93006097 0.91245116
 0.98131342 0.99427965 0.99748531 0.99935709 0.99991125]
