Number of runs considered: 10
Average reward: 973.630322334661
Reward standard deviation: 737.6533620882839
Delta averages: [ 4.          8.          2.          6.         10.          4.
  8.          6.          7.82625477  8.         10.27233749]
Delta standard deviations: [0.         0.         0.         0.         0.         0.
 0.         0.         1.04137731 0.         0.21844923]
Delta relative std: [0.         0.         0.         0.         0.         0.
 0.         0.         0.13306203 0.         0.02126578]
Delta average relative error: [3.         7.         1.         5.         9.         3.
 7.         5.         6.82625477 7.         9.27233749]
OPE coefficient averages: [9.86476182e-01 1.33901412e-02 1.02135941e+00 9.16110954e-02
 3.19881657e-03 1.00323017e-01 8.50610074e-03 4.67430621e-03
 3.63067778e-03 6.54622997e-04 6.91319678e-05]
OPE coefficient standard deviation: [5.00287643e-02 1.03621866e-02 8.24359881e-02 2.27593880e-02
 3.77283126e-03 2.01076971e-03 1.13400583e-03 3.54894627e-03
 2.61756612e-03 8.53507480e-05 7.05511450e-05]
OPE coefficient relative std: [0.05071462 0.77386687 0.08071203 0.24843484 1.17944595 0.02004296
 0.13331676 0.75924557 0.72095798 0.13038153 1.02052852]
OPE coefficient average relative error: [0.0429449  0.98660986 0.0713331  0.9083889  0.99680118 0.89967698
 0.9914939  0.99532569 0.99636932 0.99934538 0.99993087]
