Number of runs considered: 10
Average reward: 824.914971515925
Reward standard deviation: 291.7109536327506
Delta averages: [ 4.          8.          2.          6.         10.          4.
  8.          6.         10.          8.         10.28466526]
Delta standard deviations: [0.         0.         0.         0.         0.         0.
 0.         0.         0.         0.         0.19609406]
Delta relative std: [0.         0.         0.         0.         0.         0.
 0.         0.         0.         0.         0.01906664]
Delta average relative error: [3.         7.         1.         5.         9.         3.
 7.         5.         9.         7.         9.28466526]
OPE coefficient averages: [9.83079421e-01 1.40540360e-02 1.02637174e+00 9.10960636e-02
 3.00780373e-03 1.00021803e-01 8.72628689e-03 7.73159573e-03
 8.52482031e-04 6.59351394e-04 6.51603957e-05]
OPE coefficient standard deviation: [3.59577666e-02 7.54377039e-03 5.84983129e-02 1.54310861e-02
 2.25423603e-03 1.57204455e-03 8.17433344e-04 1.73798331e-03
 9.00388504e-04 9.40112503e-05 8.23312337e-05]
OPE coefficient relative std: [0.03657666 0.53676897 0.05699525 0.16939356 0.74946248 0.01571702
 0.09367482 0.22478973 1.05619646 0.14258141 1.26351648]
OPE coefficient average relative error: [0.03794532 0.98594596 0.06129929 0.90890394 0.9969922  0.8999782
 0.99127371 0.9922684  0.99914752 0.99934065 0.99993484]
Number of runs considered: 10
Average reward: 824.914971515925
Reward standard deviation: 291.7109536327506
Delta averages: [ 4.          8.          2.          6.         10.          4.
  8.          6.         10.          8.         10.28466526]
Delta standard deviations: [0.         0.         0.         0.         0.         0.
 0.         0.         0.         0.         0.19609406]
Delta relative std: [0.         0.         0.         0.         0.         0.
 0.         0.         0.         0.         0.01906664]
Delta average relative error: [3.         7.         1.         5.         9.         3.
 7.         5.         9.         7.         9.28466526]
OPE coefficient averages: [9.83079421e-01 1.40540360e-02 1.02637174e+00 9.10960636e-02
 3.00780373e-03 1.00021803e-01 8.72628689e-03 7.73159573e-03
 8.52482031e-04 6.59351394e-04 6.51603957e-05]
OPE coefficient standard deviation: [3.59577666e-02 7.54377039e-03 5.84983129e-02 1.54310861e-02
 2.25423603e-03 1.57204455e-03 8.17433344e-04 1.73798331e-03
 9.00388504e-04 9.40112503e-05 8.23312337e-05]
OPE coefficient relative std: [0.03657666 0.53676897 0.05699525 0.16939356 0.74946248 0.01571702
 0.09367482 0.22478973 1.05619646 0.14258141 1.26351648]
OPE coefficient average relative error: [0.03794532 0.98594596 0.06129929 0.90890394 0.9969922  0.8999782
 0.99127371 0.9922684  0.99914752 0.99934065 0.99993484]
Number of runs considered: 10
Average reward: 824.914971515925
Reward standard deviation: 291.7109536327506
Delta averages: [ 4.          8.          2.          6.         10.          4.
  8.          6.         10.          8.         10.28466526]
Delta standard deviations: [0.         0.         0.         0.         0.         0.
 0.         0.         0.         0.         0.19609406]
Delta relative std: [0.         0.         0.         0.         0.         0.
 0.         0.         0.         0.         0.01906664]
Delta average relative error: [3.         7.         1.         5.         9.         3.
 7.         5.         9.         7.         9.28466526]
OPE coefficient averages: [9.83079421e-01 1.40540360e-02 1.02637174e+00 9.10960636e-02
 3.00780373e-03 1.00021803e-01 8.72628689e-03 7.73159573e-03
 8.52482031e-04 6.59351394e-04 6.51603957e-05]
OPE coefficient standard deviation: [3.59577666e-02 7.54377039e-03 5.84983129e-02 1.54310861e-02
 2.25423603e-03 1.57204455e-03 8.17433344e-04 1.73798331e-03
 9.00388504e-04 9.40112503e-05 8.23312337e-05]
OPE coefficient relative std: [0.03657666 0.53676897 0.05699525 0.16939356 0.74946248 0.01571702
 0.09367482 0.22478973 1.05619646 0.14258141 1.26351648]
OPE coefficient average relative error: [0.03794532 0.98594596 0.06129929 0.90890394 0.9969922  0.8999782
 0.99127371 0.9922684  0.99914752 0.99934065 0.99993484]
