Number of runs considered: 10
Average reward: 442.14794676274306
Reward standard deviation: 150.18255350184288
Delta averages: [ 3.01558179  4.29689635  2.83769542  3.92538629  6.72385297  5.08416836
  7.69258017  7.33692538  8.72984267  9.23638594 10.309304  ]
Delta standard deviations: [0.56197019 1.00527521 0.8740502  1.29168968 2.13514097 0.71122584
 1.25519771 0.8801199  1.22109987 0.97444279 0.24403862]
Delta relative std: [0.18635548 0.2339538  0.3080141  0.32906053 0.31754724 0.1398903
 0.16316992 0.11995759 0.1398765  0.10550044 0.02367169]
Delta average relative error: [2.01558179 3.29689635 1.83769542 2.92538629 5.72385297 4.08416836
 6.69258017 6.33692538 7.72984267 8.23638594 9.309304  ]
OPE coefficient averages: [5.93398827e-01 8.18159521e-01 2.98067973e-01 1.76330275e-01
 1.24185434e-01 3.18523783e-02 1.41980731e-02 2.87153983e-03
 1.27567382e-03 4.15487813e-04 1.23522308e-04]
OPE coefficient standard deviation: [4.63641478e-01 4.26803223e-01 1.83184404e-01 1.62514299e-01
 1.15352910e-01 1.54898009e-02 1.14364534e-02 2.29873681e-03
 1.31429777e-03 1.63055512e-04 7.97201395e-05]
OPE coefficient relative std: [0.78133197 0.5216626  0.61457258 0.92164717 0.92887633 0.48629966
 0.80549334 0.80052409 1.03027729 0.39244355 0.64539063]
OPE coefficient average relative error: [0.51700243 0.37571479 0.70193203 0.82366972 0.87581457 0.96814762
 0.98580193 0.99712846 0.99872433 0.99958451 0.99987648]
