Best 10 rewards
OPE 2 means:
[7.71954184e-06 6.05401123e-02 7.96144312e-02 8.28642669e-02
 7.95821459e-02 7.32297680e-02 6.55323110e-02 5.75287783e-02
 5.08297034e-02 4.77636296e-02 4.47115736e-02 4.24879218e-02
 3.89483090e-02 3.70446648e-02 3.81570626e-02]
OPE 2 lower bounds: 
[0.07895281 0.08549427 0.08693909 0.08727162 0.08414483 0.07863379
 0.07235719 0.06645009 0.06137977 0.05720287 0.05099763 0.04669567
 0.04356771 0.04121112 0.03937758]
OPE 2 upper bounds: 
[0.13385702 0.11407538 0.10783158 0.10176642 0.09456875 0.08669733
 0.07898621 0.07204433 0.06605672 0.06118142 0.05393092 0.04870602
 0.04500306 0.04227858 0.04019841]
OPE 2 stds:
[1.32932923e-05 4.41648909e-04 4.42871305e-04 5.03441816e-04
 2.95868794e-04 1.97468552e-04 7.63276033e-05 1.79090824e-04
 1.13631907e-04 1.03754976e-04 3.61366080e-04 6.86695216e-04
 8.72055236e-04 9.17913086e-04 1.39082286e-03]
OPE 2 relative error x100
[1.72203125e+02 7.29514519e-01 5.56270137e-01 6.07549955e-01
 3.71777853e-01 2.69656121e-01 1.16473236e-01 3.11306497e-01
 2.23554141e-01 2.17225903e-01 8.08215973e-01 1.61621277e+00
 2.23900667e+00 2.47785502e+00 3.64499457e+00]
OPE 2 bound error x100
[69.54053753 33.43043791 24.03118325 16.60883047 12.38806998 10.25455157
  9.16151743  8.41871474  7.61970044  6.95515109  5.75181737  4.30519866
  3.29451217  2.59023564  2.08451737]



OPE 3 means:
[0.20568706 0.14938783 0.13186641 0.12934453 0.1329423  0.13955902
 0.14806513 0.15737911 0.16388095 0.16281858 0.15807254 0.15500797
 0.15537517 0.15376016 0.14856581]
OPE 3 lower bounds: 
[0.06528438 0.08557472 0.09193905 0.09741498 0.10356102 0.11048264
 0.11775672 0.1247986  0.13120819 0.1361811  0.1424684  0.14573915
 0.14681471 0.14676918 0.1461752 ]
OPE 3 upper bounds: 
[0.12281794 0.11981268 0.12208698 0.12289717 0.12537067 0.12960487
 0.13455124 0.13911497 0.14279051 0.14548199 0.14844687 0.14935216
 0.14915    0.14837676 0.1473386 ]
OPE 3 stds:
[1.41776561e-05 5.39584909e-04 6.76101817e-04 9.47551070e-04
 6.77112301e-04 4.89819400e-04 2.04016041e-04 4.41604025e-04
 2.49750579e-04 2.19863721e-04 6.92973045e-04 1.18282350e-03
 1.35223531e-03 1.32252973e-03 1.89046601e-03]
OPE 3 relative error x100
[0.00689283 0.36119736 0.51271724 0.73257914 0.50932796 0.35097652
 0.13778804 0.28059888 0.15239757 0.13503602 0.43838927 0.76307272
 0.87030336 0.86012513 1.2724772 ]
OPE 3 bound error x100
[88.12759052 40.00942889 32.79120866 26.15838989 21.05971205 17.30790433
 14.26204377 11.47157779  8.82743816  6.8297928   4.19634772  2.47909891
  1.59063693  1.09531192  0.79589429]



OPE 2+3 means:
[0.20569477 0.20992795 0.21148084 0.2122088  0.21252444 0.21278879
 0.21359744 0.21490789 0.21471065 0.21058221 0.20278411 0.19749589
 0.19432348 0.19080482 0.18672287]
OPE 2+3 lower bounds: 
[0.14423719 0.171069   0.17887814 0.1846866  0.18770585 0.18911643
 0.19011391 0.19124869 0.19258796 0.19338398 0.19346604 0.19243482
 0.19038243 0.18798029 0.18555278]
OPE 2+3 upper bounds: 
[0.25667495 0.23388806 0.22991856 0.22466359 0.21993942 0.2163022
 0.21353745 0.2111593  0.20884723 0.20666341 0.2023778  0.19805818
 0.19415306 0.19065534 0.18753701]
OPE 2+3 stds:
[5.41155248e-06 9.84223329e-05 2.33469474e-04 4.44506079e-04
 3.81444964e-04 2.92526928e-04 1.29284735e-04 2.63992611e-04
 1.36544733e-04 1.16722001e-04 3.31817754e-04 4.96277409e-04
 4.80235990e-04 4.04653773e-04 4.99654119e-04]
OPE 2+3 relative error x100
[0.00263087 0.04688386 0.11039746 0.20946637 0.17948287 0.1374729
 0.06052729 0.12283989 0.06359476 0.05542824 0.16363104 0.25128493
 0.24713225 0.21207733 0.26759128]
OPE 2+3 bound error x100
[77.95337659 36.7214804  28.53362498 21.64585059 17.172386   14.37515094
 12.32078781 10.41084886  8.44251968  6.86687371  4.6063694   2.92221496
  1.98055712  1.4230456   1.06936289]
