Best 25 rewards
OPE 2 means:
[8.61081299e-06 5.99297550e-02 7.89787674e-02 8.22520510e-02
 7.92353942e-02 7.29698615e-02 6.53656990e-02 5.73579832e-02
 5.07687553e-02 4.76529350e-02 4.43662351e-02 4.17151819e-02
 3.90129048e-02 3.72621021e-02 3.81917808e-02]
OPE 2 lower bounds: 
[0.07895281 0.08549427 0.08693909 0.08727162 0.08414483 0.07863379
 0.07235719 0.06645009 0.06137977 0.05720287 0.05099763 0.04669567
 0.04356771 0.04121112 0.03937758]
OPE 2 upper bounds: 
[0.13385702 0.11407538 0.10783158 0.10176642 0.09456875 0.08669733
 0.07898621 0.07204433 0.06605672 0.06118142 0.05393092 0.04870602
 0.04500306 0.04227858 0.04019841]
OPE 2 stds:
[1.57078507e-05 6.29597409e-04 6.23241185e-04 6.17334676e-04
 3.52119514e-04 2.77098864e-04 1.59076687e-04 1.93622166e-04
 1.53187542e-04 1.52175696e-04 3.83347430e-04 8.37946707e-04
 1.12253429e-03 1.09271126e-03 1.64614220e-03]
OPE 2 relative error x100
[182.4200655    1.05055896   0.78912498   0.75054016   0.44439675
   0.37974426   0.24336416   0.33756795   0.30173586   0.31934171
   0.8640522    2.0087332    2.87734097   2.93250031   4.31020016]
OPE 2 bound error x100
[69.54053753 33.43043791 24.03118325 16.60883047 12.38806998 10.25455157
  9.16151743  8.41871474  7.61970044  6.95515109  5.75181737  4.30519866
  3.29451217  2.59023564  2.08451737]



OPE 3 means:
[0.2056957  0.15013902 0.13283348 0.13050031 0.133717   0.1402231
 0.14849651 0.15780826 0.16402308 0.16308264 0.15874052 0.15632354
 0.1552642  0.15343955 0.14851436]
OPE 3 lower bounds: 
[0.06528438 0.08557472 0.09193905 0.09741498 0.10356102 0.11048264
 0.11775672 0.1247986  0.13120819 0.1361811  0.1424684  0.14573915
 0.14681471 0.14676918 0.1461752 ]
OPE 3 upper bounds: 
[0.12281794 0.11981268 0.12208698 0.12289717 0.12537067 0.12960487
 0.13455124 0.13911497 0.14279051 0.14548199 0.14844687 0.14935216
 0.14915    0.14837676 0.1473386 ]
OPE 3 stds:
[1.78604936e-05 7.73103922e-04 9.47548718e-04 1.16560560e-03
 7.95139409e-04 7.04156488e-04 4.07318214e-04 4.84994176e-04
 3.37733666e-04 3.41855206e-04 7.42927484e-04 1.44018104e-03
 1.74528171e-03 1.56997305e-03 2.23843938e-03]
OPE 3 relative error x100
[0.00868297 0.51492537 0.71333576 0.89318226 0.59464346 0.50216867
 0.2742948  0.3073313  0.20590618 0.20962084 0.46801378 0.92128228
 1.12407219 1.02318666 1.50722084]
OPE 3 bound error x100
[88.12759052 40.00942889 32.79120866 26.15838989 21.05971205 17.30790433
 14.26204377 11.47157779  8.82743816  6.8297928   4.19634772  2.47909891
  1.59063693  1.09531192  0.79589429]



OPE 2+3 means:
[0.20570431 0.21006878 0.21181225 0.21275236 0.2129524  0.21319296
 0.21386221 0.21516624 0.21479184 0.21073558 0.20310675 0.19803872
 0.19427711 0.19070166 0.18670614]
OPE 2+3 lower bounds: 
[0.14423719 0.171069   0.17887814 0.1846866  0.18770585 0.18911643
 0.19011391 0.19124869 0.19258796 0.19338398 0.19346604 0.19243482
 0.19038243 0.18798029 0.18555278]
OPE 2+3 upper bounds: 
[0.25667495 0.23388806 0.22991856 0.22466359 0.21993942 0.2163022
 0.21353745 0.2111593  0.20884723 0.20666341 0.2023778  0.19805818
 0.19415306 0.19065534 0.18753701]
OPE 2+3 stds:
[9.13354072e-06 1.43737747e-04 3.24551251e-04 5.48456575e-04
 4.43541909e-04 4.27401812e-04 2.49340719e-04 2.92895082e-04
 1.84862878e-04 1.90609089e-04 3.59921445e-04 6.02573084e-04
 6.22833051e-04 4.77334928e-04 5.92330272e-04]
OPE 2+3 relative error x100
[0.00444013 0.06842414 0.15322591 0.25779107 0.20828219 0.20047651
 0.11658942 0.13612502 0.08606606 0.09044941 0.17720802 0.30427034
 0.32059004 0.25030455 0.3172527 ]
OPE 2+3 bound error x100
[77.95337659 36.7214804  28.53362498 21.64585059 17.172386   14.37515094
 12.32078781 10.41084886  8.44251968  6.86687371  4.6063694   2.92221496
  1.98055712  1.4230456   1.06936289]
