Number of runs considered: 10
Average reward: 58.99613395544444
Reward standard deviation: 37.11522214063246
Delta averages: [ 1.          4.          8.          8.44687817  2.          6.
  6.37626275  4.          5.          8.          6.          7.
  7.2292486   8.196621    8.40971918 10.03457347]
Delta standard deviations: [0.         0.         0.         0.26037186 0.         0.
 0.33390528 0.         0.         0.         0.         0.
 0.18487018 0.13041611 0.19815332 0.03203673]
Delta relative std: [0.         0.         0.         0.03082463 0.         0.
 0.05236693 0.         0.         0.         0.         0.
 0.02557253 0.01591096 0.02356242 0.00319263]
Delta average relative error: [0.         3.         7.         7.44687817 1.         5.
 5.37626275 3.         4.         7.         5.         6.
 6.2292486  7.196621   7.40971918 9.03457347]
OPE coefficient averages: [1.81597475e-01 2.36032372e-02 2.34895923e-06 2.19164077e-06
 2.89210640e-02 6.95600752e-06 4.96206430e-06 4.10488819e-06
 1.98366787e-06 1.52729566e-03 1.03445530e-03 6.75216565e-04
 3.96055887e-04 6.47955753e-04 3.47823388e-04 5.32236550e-04]
OPE coefficient standard deviation: [2.67179826e-02 9.23115982e-03 4.81680940e-06 2.80338431e-06
 6.21675858e-03 7.74417905e-06 3.35290870e-06 3.87016643e-06
 1.95730877e-06 5.86546341e-04 1.41560483e-03 6.14597527e-04
 3.40815208e-04 5.19079761e-04 3.31388758e-04 3.49492552e-04]
OPE coefficient relative std: [0.1471275  0.39109719 2.05061431 1.27912582 0.21495608 1.11330803
 0.67570843 0.94281896 0.98671194 0.38404243 1.36845433 0.91022282
 0.86052302 0.80110371 0.95275007 0.65664891]
OPE coefficient average relative error: [0.81840253 0.97639676 0.99999765 0.99999781 0.97107894 0.99999304
 0.99999504 0.9999959  0.99999802 0.9984727  0.99896554 0.99932478
 0.99960394 0.99935204 0.99965218 0.99946776]
Number of runs considered: 5
Average reward: 83.6862204472487
Reward standard deviation: 39.07458761254988
Delta averages: [ 1.          4.          8.          8.47813405  2.          6.
  6.41952176  4.          5.          8.          6.          7.
  7.29928157  8.21068826  8.41905069 10.02827888]
Delta standard deviations: [0.         0.         0.         0.28912783 0.         0.
 0.31625135 0.         0.         0.         0.         0.
 0.18922387 0.15793736 0.27501351 0.02280244]
Delta relative std: [0.         0.         0.         0.03410277 0.         0.
 0.04926401 0.         0.         0.         0.         0.
 0.02592363 0.01923558 0.03266562 0.00227381]
Delta average relative error: [0.         3.         7.         7.47813405 1.         5.
 5.41952176 3.         4.         7.         5.         6.
 6.29928157 7.21068826 7.41905069 9.02827888]
OPE coefficient averages: [2.04657045e-01 1.56604334e-02 3.66715219e-06 1.80197004e-06
 2.42310040e-02 9.28729007e-06 6.73176043e-06 5.16034438e-06
 2.65877631e-06 1.00136840e-03 5.90801214e-04 4.43739310e-04
 2.88013543e-04 4.34005528e-04 1.92833263e-04 3.34511807e-04]
OPE coefficient standard deviation: [1.79915533e-02 6.18663130e-03 6.50587865e-06 1.04169913e-06
 3.88108563e-03 9.51330926e-06 3.73205832e-06 3.98292835e-06
 2.48985188e-06 3.35674990e-04 6.74659125e-04 3.73261878e-04
 1.87138578e-04 2.86825662e-04 1.34519057e-04 2.10893456e-04]
OPE coefficient relative std: [0.08791075 0.39504854 1.77409562 0.57808904 0.16017024 1.0243364
 0.55439559 0.77183383 0.93646535 0.33521628 1.1419393  0.84117379
 0.64975617 0.6608802  0.6975926  0.63045146]
OPE coefficient average relative error: [0.79534296 0.98433957 0.99999633 0.9999982  0.975769   0.99999071
 0.99999327 0.99999484 0.99999734 0.99899863 0.9994092  0.99955626
 0.99971199 0.99956599 0.99980717 0.99966549]
