Number of runs considered: 10
Average reward: 147.85872114338832
Reward standard deviation: 262.60035342306765
Delta averages: [ 1.          4.          8.          9.          2.          6.
 10.          4.          5.          8.          6.          7.
  7.40924344  8.          9.         10.04049561]
Delta standard deviations: [0.         0.         0.         0.         0.         0.
 0.         0.         0.         0.         0.         0.
 0.33468747 0.         0.         0.03260545]
Delta relative std: [0.         0.         0.         0.         0.         0.
 0.         0.         0.         0.         0.         0.
 0.04517161 0.         0.         0.00324739]
Delta average relative error: [0.         3.         7.         8.         1.         5.
 9.         3.         4.         7.         5.         6.
 6.40924344 7.         8.         9.04049561]
OPE coefficient averages: [2.02369913e-01 1.73206209e-02 5.05275166e-06 1.61389048e-06
 2.44690296e-02 6.95485156e-04 2.23444432e-06 5.63893023e-04
 4.57052445e-06 1.15740014e-03 9.61807954e-04 2.49381669e-04
 6.66298559e-04 6.44199037e-04 2.47786899e-04 4.84934012e-04]
OPE coefficient standard deviation: [3.80921736e-02 1.13314140e-02 1.21907129e-05 9.33777087e-07
 1.01207810e-02 2.06390292e-03 2.00600649e-06 1.67934277e-03
 6.18383466e-06 7.05865178e-04 1.39062743e-03 2.65554345e-04
 6.95039510e-04 4.15750173e-04 2.36688402e-04 3.16923358e-04]
OPE coefficient relative std: [0.18823042 0.65421523 2.41268792 0.57858764 0.41361595 2.96757293
 0.89776526 2.97812298 1.35298142 0.60987134 1.4458473  1.0648511
 1.04313524 0.64537534 0.95520951 0.65353914]
OPE coefficient average relative error: [0.79763009 0.98267938 0.99999495 0.99999839 0.97553097 0.99930451
 0.99999777 0.99943611 0.99999543 0.9988426  0.99903819 0.99975062
 0.9993337  0.9993558  0.99975221 0.99951507]
