Number of runs considered: 10
Average reward: 86.36056183539475
Reward standard deviation: 124.02068255666346
Delta averages: [ 1.          4.          8.          8.64222097  2.          6.
  6.25816288  4.          5.          8.          6.          7.
  7.29543544  8.          8.24797821 10.04589092]
Delta standard deviations: [0.         0.         0.         0.67145328 0.         0.
 0.33000858 0.         0.         0.         0.         0.
 0.21207247 0.         0.16327326 0.03204671]
Delta relative std: [0.         0.         0.         0.07769453 0.         0.
 0.0527325  0.         0.         0.         0.         0.
 0.0290692  0.         0.01979555 0.00319003]
Delta average relative error: [0.         3.         7.         7.64222097 1.         5.
 5.25816288 3.         4.         7.         5.         6.
 6.29543544 7.         7.24797821 9.04589092]
OPE coefficient averages: [1.85182890e-01 2.20379442e-02 2.52282167e-06 1.76868520e-06
 3.02986799e-02 1.20289388e-05 8.58419567e-05 3.77276982e-05
 2.72920303e-05 1.52872417e-03 1.80786692e-03 6.58186296e-04
 3.15011770e-04 6.55783358e-04 4.65237104e-04 6.88368631e-04]
OPE coefficient standard deviation: [2.89435795e-02 9.61103520e-03 1.70860045e-06 1.99363609e-06
 7.46297790e-03 1.46391486e-05 2.47219601e-04 1.07897912e-04
 6.87321329e-05 6.45257481e-04 1.66437051e-03 5.97497679e-04
 2.85141520e-04 5.14082726e-04 3.67316288e-04 3.69921372e-04]
OPE coefficient relative std: [0.15629727 0.43611306 0.67725772 1.12718537 0.24631363 1.21699419
 2.87993903 2.8599124  2.51839574 0.42208889 0.92062667 0.90779417
 0.90517735 0.78392158 0.78952492 0.53738848]
OPE coefficient average relative error: [0.81481711 0.97796206 0.99999748 0.99999823 0.96970132 0.99998797
 0.99991416 0.99996227 0.99997271 0.99847128 0.99819213 0.99934181
 0.99968499 0.99934422 0.99953476 0.99931163]
Number of runs considered: 5
Average reward: 137.03048501288794
Reward standard deviation: 160.03410196746225
Delta averages: [ 1.          4.          8.          9.01499932  2.          6.
  6.19595323  4.          5.          8.          6.          7.
  7.33783927  8.          8.29214242 10.05162756]
Delta standard deviations: [0.         0.         0.         0.76702207 0.         0.
 0.34610581 0.         0.         0.         0.         0.
 0.1254775  0.         0.16447296 0.03275077]
Delta relative std: [0.         0.         0.         0.08508288 0.         0.
 0.05585998 0.         0.         0.         0.         0.
 0.01710006 0.         0.0198348  0.00325826]
Delta average relative error: [0.         3.         7.         8.01499932 1.         5.
 5.19595323 3.         4.         7.         5.         6.
 6.33783927 7.         7.29214242 9.05162756]
OPE coefficient averages: [2.06046150e-01 1.54739648e-02 2.11175071e-06 1.61939870e-06
 2.41948340e-02 1.97254243e-05 1.69162804e-04 7.32952541e-05
 5.02909074e-05 1.08224587e-03 6.21749748e-04 5.68577447e-04
 3.23827553e-04 3.00047450e-04 4.33448903e-04 3.86381718e-04]
OPE coefficient standard deviation: [2.48464991e-02 8.29013570e-03 2.07917950e-06 1.83473513e-06
 5.89484957e-03 1.74433094e-05 3.29164306e-04 1.44057613e-04
 9.14647563e-05 5.73765611e-04 7.52261358e-04 5.29812769e-04
 2.57792225e-04 2.17269913e-04 2.68367165e-04 2.67773866e-04]
OPE coefficient relative std: [0.12058706 0.53574735 0.98457621 1.13297308 0.24364084 0.88430592
 1.94584329 1.96544258 1.81871358 0.53016198 1.20991019 0.93182164
 0.79607872 0.72411851 0.61914372 0.69302934]
OPE coefficient average relative error: [0.79395385 0.98452604 0.99999789 0.99999838 0.97580517 0.99998027
 0.99983084 0.9999267  0.99994971 0.99891775 0.99937825 0.99943142
 0.99967617 0.99969995 0.99956655 0.99961362]
Number of runs considered: 5
Average reward: 137.03048501288794
Reward standard deviation: 160.03410196746225
Delta averages: [ 1.          4.          8.          9.01499932  2.          6.
  6.19595323  4.          5.          8.          6.          7.
  7.33783927  8.          8.29214242 10.05162756]
Delta standard deviations: [0.         0.         0.         0.76702207 0.         0.
 0.34610581 0.         0.         0.         0.         0.
 0.1254775  0.         0.16447296 0.03275077]
Delta relative std: [0.         0.         0.         0.08508288 0.         0.
 0.05585998 0.         0.         0.         0.         0.
 0.01710006 0.         0.0198348  0.00325826]
Delta average relative error: [0.         3.         7.         8.01499932 1.         5.
 5.19595323 3.         4.         7.         5.         6.
 6.33783927 7.         7.29214242 9.05162756]
OPE coefficient averages: [2.06046150e-01 1.54739648e-02 2.11175071e-06 1.61939870e-06
 2.41948340e-02 1.97254243e-05 1.69162804e-04 7.32952541e-05
 5.02909074e-05 1.08224587e-03 6.21749748e-04 5.68577447e-04
 3.23827553e-04 3.00047450e-04 4.33448903e-04 3.86381718e-04]
OPE coefficient standard deviation: [2.48464991e-02 8.29013570e-03 2.07917950e-06 1.83473513e-06
 5.89484957e-03 1.74433094e-05 3.29164306e-04 1.44057613e-04
 9.14647563e-05 5.73765611e-04 7.52261358e-04 5.29812769e-04
 2.57792225e-04 2.17269913e-04 2.68367165e-04 2.67773866e-04]
OPE coefficient relative std: [0.12058706 0.53574735 0.98457621 1.13297308 0.24364084 0.88430592
 1.94584329 1.96544258 1.81871358 0.53016198 1.20991019 0.93182164
 0.79607872 0.72411851 0.61914372 0.69302934]
OPE coefficient average relative error: [0.79395385 0.98452604 0.99999789 0.99999838 0.97580517 0.99998027
 0.99983084 0.9999267  0.99994971 0.99891775 0.99937825 0.99943142
 0.99967617 0.99969995 0.99956655 0.99961362]
