Number of runs considered: 10
Average reward: 303.5850377101758
Reward standard deviation: 68.65429425106758
Delta averages: [ 1.          4.          4.06494648  4.30071601  2.          2.18710873
  2.63733498  4.50482879  4.77317879  4.90762369  6.32551687  6.53472811
  6.67709467  8.1365658   8.27001847 10.03416929]
Delta standard deviations: [0.         0.         0.08161224 0.24724122 0.         0.27778596
 0.41098695 0.27152296 0.29648168 0.27400175 0.19398591 0.248171
 0.17285167 0.07502585 0.09462563 0.03596017]
Delta relative std: [0.         0.         0.02007708 0.05748838 0.         0.12701059
 0.15583419 0.06027376 0.06211409 0.05583186 0.0306672  0.03797725
 0.02588726 0.00922083 0.01144201 0.00358377]
Delta average relative error: [0.         3.         3.06494648 3.30071601 1.         1.18710873
 1.63733498 3.50482879 3.77317879 3.90762369 5.32551687 5.53472811
 5.67709467 7.1365658  7.27001847 9.03416929]
OPE coefficient averages: [2.40589722e-01 1.41394251e-03 1.39060612e-03 3.92771183e-04
 1.33123035e-02 2.29381120e-03 1.69438567e-03 3.21994235e-05
 9.91322000e-05 1.38322887e-04 9.54686159e-05 8.19481020e-05
 6.57861770e-05 3.26879760e-05 1.81236017e-05 6.29761711e-05]
OPE coefficient standard deviation: [2.38377152e-03 1.37913324e-03 1.48314605e-03 1.08930324e-03
 5.19614743e-03 2.98545912e-03 4.94218518e-03 2.51732728e-05
 7.29464804e-05 8.29275565e-05 8.00430426e-05 5.98050561e-05
 6.94399267e-05 3.53024846e-05 1.05885873e-05 2.87358632e-05]
OPE coefficient relative std: [0.00990804 0.97538141 1.06654647 2.77337871 0.39032669 1.30152783
 2.91680062 0.78179266 0.73585051 0.59952159 0.83842257 0.72979184
 1.05553978 1.0799838  0.58424299 0.4562974 ]
OPE coefficient average relative error: [0.75941028 0.99858606 0.99860939 0.99960723 0.9866877  0.99770619
 0.99830561 0.9999678  0.99990087 0.99986168 0.99990453 0.99991805
 0.99993421 0.99996731 0.99998188 0.99993702]
Number of runs considered: 5
Average reward: 360.8784653985619
Reward standard deviation: 22.891245823885473
Delta averages: [ 1.          4.          4.10046896  4.26674922  2.          2.08426043
  2.45076134  4.58400926  4.81397184  4.91149514  6.35666901  6.51200343
  6.62453608  8.10419239  8.27642855 10.05172725]
Delta standard deviations: [0.         0.         0.10040852 0.24191378 0.         0.09711843
 0.38817706 0.25294265 0.25264919 0.30822735 0.19128377 0.24868221
 0.21252925 0.08309111 0.08858842 0.04175018]
Delta relative std: [0.         0.         0.02448708 0.05669745 0.         0.04659611
 0.1583904  0.05517935 0.05248248 0.06275632 0.03009183 0.03818828
 0.03208213 0.01025286 0.0107037  0.00415353]
Delta average relative error: [0.         3.         3.10046896 3.26674922 1.         1.08426043
 1.45076134 3.58400926 3.81397184 3.91149514 5.35666901 5.51200343
 5.62453608 7.10419239 7.27642855 9.05172725]
OPE coefficient averages: [2.42549804e-01 1.53735646e-03 1.00128156e-03 4.46590688e-05
 1.17988855e-02 1.75427301e-03 3.35945693e-03 3.50374373e-05
 9.59276371e-05 1.14116681e-04 8.21748685e-05 1.01178481e-04
 1.06809950e-05 1.32445174e-05 2.16215496e-05 4.95548742e-05]
OPE coefficient standard deviation: [4.09475364e-04 1.10443342e-03 1.05324551e-03 5.28249473e-05
 6.10784951e-03 1.82392012e-03 6.58065663e-03 2.07993577e-05
 5.31651014e-05 5.59748025e-05 5.09487306e-05 7.02143518e-05
 8.36281202e-06 9.03215435e-06 6.81144225e-06 1.56253050e-05]
OPE coefficient relative std: [1.68821148e-03 7.18397747e-01 1.05189744e+00 1.18284928e+00
 5.17663257e-01 1.03970141e+00 1.95884536e+00 5.93632392e-01
 5.54220900e-01 4.90504998e-01 6.20003799e-01 6.93965266e-01
 7.82961887e-01 6.81954207e-01 3.15030253e-01 3.15313180e-01]
OPE coefficient average relative error: [0.7574502  0.99846264 0.99899872 0.99995534 0.98820111 0.99824573
 0.99664054 0.99996496 0.99990407 0.99988588 0.99991783 0.99989882
 0.99998932 0.99998676 0.99997838 0.99995045]
Number of runs considered: 5
Average reward: 360.8784653985619
Reward standard deviation: 22.891245823885473
Delta averages: [ 1.          4.          4.10046896  4.26674922  2.          2.08426043
  2.45076134  4.58400926  4.81397184  4.91149514  6.35666901  6.51200343
  6.62453608  8.10419239  8.27642855 10.05172725]
Delta standard deviations: [0.         0.         0.10040852 0.24191378 0.         0.09711843
 0.38817706 0.25294265 0.25264919 0.30822735 0.19128377 0.24868221
 0.21252925 0.08309111 0.08858842 0.04175018]
Delta relative std: [0.         0.         0.02448708 0.05669745 0.         0.04659611
 0.1583904  0.05517935 0.05248248 0.06275632 0.03009183 0.03818828
 0.03208213 0.01025286 0.0107037  0.00415353]
Delta average relative error: [0.         3.         3.10046896 3.26674922 1.         1.08426043
 1.45076134 3.58400926 3.81397184 3.91149514 5.35666901 5.51200343
 5.62453608 7.10419239 7.27642855 9.05172725]
OPE coefficient averages: [2.42549804e-01 1.53735646e-03 1.00128156e-03 4.46590688e-05
 1.17988855e-02 1.75427301e-03 3.35945693e-03 3.50374373e-05
 9.59276371e-05 1.14116681e-04 8.21748685e-05 1.01178481e-04
 1.06809950e-05 1.32445174e-05 2.16215496e-05 4.95548742e-05]
OPE coefficient standard deviation: [4.09475364e-04 1.10443342e-03 1.05324551e-03 5.28249473e-05
 6.10784951e-03 1.82392012e-03 6.58065663e-03 2.07993577e-05
 5.31651014e-05 5.59748025e-05 5.09487306e-05 7.02143518e-05
 8.36281202e-06 9.03215435e-06 6.81144225e-06 1.56253050e-05]
OPE coefficient relative std: [1.68821148e-03 7.18397747e-01 1.05189744e+00 1.18284928e+00
 5.17663257e-01 1.03970141e+00 1.95884536e+00 5.93632392e-01
 5.54220900e-01 4.90504998e-01 6.20003799e-01 6.93965266e-01
 7.82961887e-01 6.81954207e-01 3.15030253e-01 3.15313180e-01]
OPE coefficient average relative error: [0.7574502  0.99846264 0.99899872 0.99995534 0.98820111 0.99824573
 0.99664054 0.99996496 0.99990407 0.99988588 0.99991783 0.99989882
 0.99998932 0.99998676 0.99997838 0.99995045]
