Number of runs considered: 10
Average reward: 49.657136349073646
Reward standard deviation: 38.90463404879206
Delta averages: [ 1.          4.          8.          9.          2.          6.
 10.          4.          5.          8.          6.          7.
 10.          8.          9.         10.04306839]
Delta standard deviations: [0.        0.        0.        0.        0.        0.        0.
 0.        0.        0.        0.        0.        0.        0.
 0.        0.0248765]
Delta relative std: [0.         0.         0.         0.         0.         0.
 0.         0.         0.         0.         0.         0.
 0.         0.         0.         0.00247698]
Delta average relative error: [0.         3.         7.         8.         1.         5.
 9.         3.         4.         7.         5.         6.
 9.         7.         8.         9.04306839]
OPE coefficient averages: [1.68010091e-01 2.98847083e-02 1.62697370e-06 1.21587268e-06
 2.71286641e-02 1.55578265e-03 3.17238055e-06 8.35961262e-06
 6.80965725e-06 2.15575786e-03 8.00486315e-04 8.03536706e-04
 5.11442446e-04 1.08027683e-03 2.53616765e-04 6.40444699e-04]
OPE coefficient standard deviation: [4.09903325e-02 1.38918384e-02 1.32183831e-06 9.20445406e-07
 1.11818190e-02 2.13377312e-03 3.70236950e-06 1.44046055e-05
 9.35808243e-06 8.49508844e-04 1.69940332e-03 1.18435173e-03
 4.65437181e-04 7.19563099e-04 2.68299248e-04 4.14303146e-04]
OPE coefficient relative std: [0.24397542 0.46484772 0.81245217 0.7570245  0.41217728 1.37151107
 1.16706348 1.72311878 1.37423692 0.39406506 2.12296361 1.47392362
 0.91004801 0.6660914  1.0578924  0.64689917]
OPE coefficient average relative error: [0.83198991 0.97011529 0.99999837 0.99999878 0.97287134 0.99844422
 0.99999683 0.99999164 0.99999319 0.99784424 0.99919951 0.99919646
 0.99948856 0.99891972 0.99974638 0.99935956]
