Number of runs considered: 10
Average reward: 208.72375529532738
Reward standard deviation: 33.740375399396235
Delta averages: [ 1.          4.          4.08772807  4.4297561   2.          2.11259354
  2.69789913  4.          5.          5.10948851  6.23804217  6.50044789
  6.61088568  8.12004166  8.27163784 10.03710112]
Delta standard deviations: [0.         0.         0.0825768  0.34046526 0.         0.13298142
 0.39711555 0.         0.         0.08866746 0.1626195  0.28926365
 0.29364785 0.14689007 0.15588324 0.01156103]
Delta relative std: [0.         0.         0.02020115 0.07685869 0.         0.062947
 0.14719437 0.         0.         0.01735349 0.026069   0.04449903
 0.04441884 0.01808982 0.01884551 0.00115183]
Delta average relative error: [0.         3.         3.08772807 3.4297561  1.         1.11259354
 1.69789913 3.         4.         4.10948851 5.23804217 5.50044789
 5.61088568 7.12004166 7.27163784 9.03710112]
OPE coefficient averages: [2.36558300e-01 3.60293279e-03 4.76945374e-04 4.14877732e-04
 1.06836288e-02 7.40811423e-03 4.36117888e-05 4.90278685e-06
 1.36232387e-04 1.92416674e-04 1.51780376e-04 1.19664307e-04
 9.10928518e-05 5.13768097e-05 3.66690052e-05 9.27196675e-05]
OPE coefficient standard deviation: [2.14705787e-03 1.86638404e-03 1.27877488e-03 1.00300470e-03
 6.73901587e-03 6.69830692e-03 4.25060546e-05 5.60674550e-06
 1.11995892e-04 1.03330271e-04 1.02788927e-04 8.21118598e-05
 5.21158694e-05 2.77058952e-05 2.66898325e-05 2.47863999e-05]
OPE coefficient relative std: [0.00907623 0.518018   2.68117682 2.41759108 0.63077967 0.90418516
 0.97464598 1.14358337 0.82209447 0.53701308 0.67722145 0.68618506
 0.5721181  0.5392685  0.7278581  0.26732624]
OPE coefficient average relative error: [0.7634417  0.99639707 0.99952305 0.99958512 0.98931637 0.99259189
 0.99995639 0.9999951  0.99986377 0.99980758 0.99984822 0.99988034
 0.99990891 0.99994862 0.99996333 0.99990728]
Number of runs considered: 5
Average reward: 237.0763553751628
Reward standard deviation: 20.601859851380432
Delta averages: [ 1.          4.          4.11088544  4.41267634  2.          2.14470401
  2.52025171  4.          5.          5.10176096  6.1631377   6.48705093
  6.62768389  8.11598857  8.22443132 10.04264993]
Delta standard deviations: [0.         0.         0.0985005  0.22506387 0.         0.14526932
 0.27921298 0.         0.         0.09852149 0.15139965 0.3524105
 0.3397425  0.15579782 0.16547176 0.00837756]
Delta relative std: [0.         0.         0.0239609  0.05100394 0.         0.06773397
 0.11078773 0.         0.         0.01931127 0.02456535 0.05432522
 0.05126112 0.01919641 0.02011954 0.0008342 ]
Delta average relative error: [0.         3.         3.11088544 3.41267634 1.         1.14470401
 1.52025171 3.         4.         4.10176096 5.1631377  5.48705093
 5.62768389 7.11598857 7.22443132 9.04264993]
OPE coefficient averages: [2.38324918e-01 3.17116722e-03 3.44474621e-05 7.47716940e-04
 1.16252221e-02 6.13410694e-03 3.30364736e-05 2.35455018e-06
 1.50900171e-04 1.77277349e-04 1.13110637e-04 1.14972826e-04
 7.56642984e-05 3.93467767e-05 3.93015988e-05 7.58668558e-05]
OPE coefficient standard deviation: [1.07253256e-03 1.61829336e-03 3.21553267e-05 1.33497905e-03
 7.48746371e-03 7.57164443e-03 2.36768015e-05 1.58139166e-06
 7.93029830e-05 7.44583663e-05 5.03631870e-05 3.35056533e-05
 5.81174764e-05 8.71940287e-06 1.93394563e-05 1.55460850e-05]
OPE coefficient relative std: [0.0045003  0.51031474 0.93345996 1.78540699 0.6440706  1.23435155
 0.71668671 0.67163218 0.52553276 0.4200106  0.44525598 0.29142237
 0.76809642 0.22160399 0.49207811 0.20491274]
OPE coefficient average relative error: [0.76167508 0.99682883 0.99996555 0.99925228 0.98837478 0.99386589
 0.99996696 0.99999765 0.9998491  0.99982272 0.99988689 0.99988503
 0.99992434 0.99996065 0.9999607  0.99992413]
Number of runs considered: 5
Average reward: 237.0763553751628
Reward standard deviation: 20.601859851380432
Delta averages: [ 1.          4.          4.11088544  4.41267634  2.          2.14470401
  2.52025171  4.          5.          5.10176096  6.1631377   6.48705093
  6.62768389  8.11598857  8.22443132 10.04264993]
Delta standard deviations: [0.         0.         0.0985005  0.22506387 0.         0.14526932
 0.27921298 0.         0.         0.09852149 0.15139965 0.3524105
 0.3397425  0.15579782 0.16547176 0.00837756]
Delta relative std: [0.         0.         0.0239609  0.05100394 0.         0.06773397
 0.11078773 0.         0.         0.01931127 0.02456535 0.05432522
 0.05126112 0.01919641 0.02011954 0.0008342 ]
Delta average relative error: [0.         3.         3.11088544 3.41267634 1.         1.14470401
 1.52025171 3.         4.         4.10176096 5.1631377  5.48705093
 5.62768389 7.11598857 7.22443132 9.04264993]
OPE coefficient averages: [2.38324918e-01 3.17116722e-03 3.44474621e-05 7.47716940e-04
 1.16252221e-02 6.13410694e-03 3.30364736e-05 2.35455018e-06
 1.50900171e-04 1.77277349e-04 1.13110637e-04 1.14972826e-04
 7.56642984e-05 3.93467767e-05 3.93015988e-05 7.58668558e-05]
OPE coefficient standard deviation: [1.07253256e-03 1.61829336e-03 3.21553267e-05 1.33497905e-03
 7.48746371e-03 7.57164443e-03 2.36768015e-05 1.58139166e-06
 7.93029830e-05 7.44583663e-05 5.03631870e-05 3.35056533e-05
 5.81174764e-05 8.71940287e-06 1.93394563e-05 1.55460850e-05]
OPE coefficient relative std: [0.0045003  0.51031474 0.93345996 1.78540699 0.6440706  1.23435155
 0.71668671 0.67163218 0.52553276 0.4200106  0.44525598 0.29142237
 0.76809642 0.22160399 0.49207811 0.20491274]
OPE coefficient average relative error: [0.76167508 0.99682883 0.99996555 0.99925228 0.98837478 0.99386589
 0.99996696 0.99999765 0.9998491  0.99982272 0.99988689 0.99988503
 0.99992434 0.99996065 0.9999607  0.99992413]
