Number of runs considered: 10
Average reward: 247.4730929523509
Reward standard deviation: 90.42641024339117
Delta averages: [ 1.          1.08702856  1.49035384  1.94772598  2.40376359  3.214032
  3.61672892  4.50520263  5.0022404   5.25288926  6.32575922  6.48669025
  6.7994281   8.17770505  8.31224047 10.04116552]
Delta standard deviations: [0.         0.05435177 0.30094671 0.79857405 0.37753154 0.71644688
 0.57237369 0.39393655 0.30719637 0.35389113 0.37073516 0.38549797
 0.38211717 0.14941847 0.16212473 0.06002217]
Delta relative std: [0.         0.05000032 0.20192971 0.41000329 0.15705852 0.22291218
 0.15825728 0.08744036 0.06141176 0.06737076 0.05860722 0.05942907
 0.05619843 0.01827144 0.01950434 0.00597761]
Delta average relative error: [0.         0.08702856 0.49035384 0.94772598 1.40376359 2.214032
 2.61672892 3.50520263 4.0022404  4.25288926 5.32575922 5.48669025
 5.7994281  7.17770505 7.31224047 9.04116552]
OPE coefficient averages: [7.67415637e-02 8.00291658e-02 5.63815686e-02 1.42737966e-02
 1.09643640e-02 2.74120088e-03 1.13981268e-03 4.06655446e-05
 1.45732129e-04 3.53755571e-04 3.67438167e-05 4.11797245e-05
 1.40276955e-04 4.36478616e-05 3.89390717e-05 4.77467100e-05]
OPE coefficient standard deviation: [4.90837667e-02 4.77473221e-02 5.76091908e-02 2.25748954e-02
 4.68854110e-03 2.82775061e-03 2.06428124e-03 6.01732358e-05
 1.50057730e-04 1.45743158e-04 4.86196629e-05 4.46694919e-05
 6.67367645e-05 3.25376109e-05 2.35739090e-05 1.72809102e-05]
OPE coefficient relative std: [0.63959821 0.59662401 1.02177347 1.58156208 0.42761633 1.03157365
 1.81107061 1.47971056 1.02968186 0.41198831 1.32320666 1.0847448
 0.47575002 0.74545716 0.60540501 0.36192882]
OPE coefficient average relative error: [0.92325844 0.91997083 0.94361843 0.9857262  0.98903564 0.9972588
 0.99886019 0.99995933 0.99985427 0.99964624 0.99996326 0.99995882
 0.99985972 0.99995635 0.99996106 0.99995225]
