Number of runs considered: 10
Average reward: 55.701985410573435
Reward standard deviation: 15.045514068228256
Delta averages: [ 1.          4.          4.14942074  4.27855782  2.          6.
  6.33521149  4.          5.          5.14746426  6.          6.34134166
  6.59021431  8.15057813  8.28423529 10.0475803 ]
Delta standard deviations: [0.         0.         0.15380765 0.26740093 0.         0.
 0.45585214 0.         0.         0.12289979 0.         0.24943354
 0.28580112 0.09254309 0.15241168 0.03493841]
Delta relative std: [0.         0.         0.03706726 0.06249791 0.         0.
 0.07195531 0.         0.         0.02387579 0.         0.03933451
 0.0433675  0.01135417 0.0183978  0.0034773 ]
Delta average relative error: [0.         3.         3.14942074 3.27855782 1.         5.
 5.33521149 3.         4.         4.14746426 5.         5.34134166
 5.59021431 7.15057813 7.28423529 9.0475803 ]
OPE coefficient averages: [1.97859720e-01 1.02214413e-02 2.74212318e-03 3.66716888e-03
 2.50866597e-02 1.64374319e-06 2.28150605e-06 4.45486321e-06
 1.11849961e-04 4.38128623e-04 4.07690604e-04 3.92685838e-04
 3.78542663e-04 1.60199770e-04 8.41800636e-05 2.91325139e-04]
OPE coefficient standard deviation: [1.24676903e-02 7.62963660e-03 6.27034367e-03 7.39377699e-03
 2.17324950e-03 1.84888636e-06 1.51192812e-06 3.73074461e-06
 1.37375980e-04 2.29786811e-04 3.86628639e-04 3.38642380e-04
 3.75627595e-04 6.53666602e-05 1.19832448e-04 6.54362011e-05]
OPE coefficient relative std: [0.06301278 0.74643452 2.28667469 2.01620848 0.08662969 1.12480244
 0.66268863 0.83745436 1.22821661 0.52447341 0.94833836 0.86237482
 0.99229924 0.40803217 1.42352528 0.2246157 ]
OPE coefficient average relative error: [0.80214028 0.98977856 0.99725788 0.99633283 0.97491334 0.99999836
 0.99999772 0.99999555 0.99988815 0.99956187 0.99959231 0.99960731
 0.99962146 0.9998398  0.99991582 0.99970867]
Number of runs considered: 5
Average reward: 67.23142663176061
Reward standard deviation: 12.621964209470036
Delta averages: [ 1.          4.          4.13419635  4.28652411  2.          6.
  6.18239604  4.          5.          5.07951382  6.          6.40969902
  6.66526005  8.12645472  8.23931422 10.03189124]
Delta standard deviations: [0.         0.         0.09473593 0.19925567 0.         0.
 0.19224257 0.         0.         0.07642589 0.         0.29487135
 0.2157888  0.09001608 0.06113566 0.01720688]
Delta relative std: [0.         0.         0.0229152  0.0464842  0.         0.
 0.03109516 0.         0.         0.01504591 0.         0.04600393
 0.03237515 0.01107692 0.00741999 0.00171522]
Delta average relative error: [0.         3.         3.13419635 3.28652411 1.         5.
 5.18239604 3.         4.         4.07951382 5.         5.40969902
 5.66526005 7.12645472 7.23931422 9.03189124]
OPE coefficient averages: [2.08235038e-01 1.20904619e-02 1.22191333e-03 2.38297992e-05
 2.32476106e-02 2.93410073e-06 2.73043909e-06 5.10684919e-06
 1.46388900e-04 3.20848902e-04 3.14809025e-04 3.72905422e-04
 2.60403404e-04 1.61990904e-04 2.72337384e-05 2.35405081e-04]
OPE coefficient standard deviation: [7.29116039e-03 3.83287302e-03 1.89396287e-03 1.94629995e-05
 1.25147972e-03 1.85856521e-06 1.39626421e-06 1.36391318e-06
 1.77774268e-04 1.96188705e-04 4.36219120e-05 1.92699110e-04
 2.06793621e-04 3.58465676e-05 2.97585797e-05 3.45842152e-05]
OPE coefficient relative std: [0.03501409 0.31701626 1.54999771 0.81675046 0.05383262 0.63343606
 0.51136984 0.26707528 1.21439718 0.61146759 0.13856627 0.51675062
 0.79412795 0.22128753 1.09271005 0.14691363]
OPE coefficient average relative error: [0.79176496 0.98790954 0.99877809 0.99997617 0.97675239 0.99999707
 0.99999727 0.99999489 0.99985361 0.99967915 0.99968519 0.99962709
 0.9997396  0.99983801 0.99997277 0.99976459]
Number of runs considered: 5
Average reward: 67.23142663176061
Reward standard deviation: 12.621964209470036
Delta averages: [ 1.          4.          4.13419635  4.28652411  2.          6.
  6.18239604  4.          5.          5.07951382  6.          6.40969902
  6.66526005  8.12645472  8.23931422 10.03189124]
Delta standard deviations: [0.         0.         0.09473593 0.19925567 0.         0.
 0.19224257 0.         0.         0.07642589 0.         0.29487135
 0.2157888  0.09001608 0.06113566 0.01720688]
Delta relative std: [0.         0.         0.0229152  0.0464842  0.         0.
 0.03109516 0.         0.         0.01504591 0.         0.04600393
 0.03237515 0.01107692 0.00741999 0.00171522]
Delta average relative error: [0.         3.         3.13419635 3.28652411 1.         5.
 5.18239604 3.         4.         4.07951382 5.         5.40969902
 5.66526005 7.12645472 7.23931422 9.03189124]
OPE coefficient averages: [2.08235038e-01 1.20904619e-02 1.22191333e-03 2.38297992e-05
 2.32476106e-02 2.93410073e-06 2.73043909e-06 5.10684919e-06
 1.46388900e-04 3.20848902e-04 3.14809025e-04 3.72905422e-04
 2.60403404e-04 1.61990904e-04 2.72337384e-05 2.35405081e-04]
OPE coefficient standard deviation: [7.29116039e-03 3.83287302e-03 1.89396287e-03 1.94629995e-05
 1.25147972e-03 1.85856521e-06 1.39626421e-06 1.36391318e-06
 1.77774268e-04 1.96188705e-04 4.36219120e-05 1.92699110e-04
 2.06793621e-04 3.58465676e-05 2.97585797e-05 3.45842152e-05]
OPE coefficient relative std: [0.03501409 0.31701626 1.54999771 0.81675046 0.05383262 0.63343606
 0.51136984 0.26707528 1.21439718 0.61146759 0.13856627 0.51675062
 0.79412795 0.22128753 1.09271005 0.14691363]
OPE coefficient average relative error: [0.79176496 0.98790954 0.99877809 0.99997617 0.97675239 0.99999707
 0.99999727 0.99999489 0.99985361 0.99967915 0.99968519 0.99962709
 0.9997396  0.99983801 0.99997277 0.99976459]
