Number of runs considered: 10
Average reward: 55.199468325507475
Reward standard deviation: 19.55915057326566
Delta averages: [ 1.          4.          4.14404477  4.41060828  2.          6.
  6.3748913   4.          5.          5.16876757  6.          7.
  7.18852111  8.2013591   8.34228238 10.05090573]
Delta standard deviations: [0.         0.         0.20954373 0.25028933 0.         0.
 0.37732211 0.         0.         0.15945973 0.         0.
 0.20244251 0.11752711 0.21407342 0.04424545]
Delta relative std: [0.         0.         0.05056503 0.05674712 0.         0.
 0.05918879 0.         0.         0.03085063 0.         0.
 0.02816191 0.0143302  0.02566125 0.00440214]
Delta average relative error: [0.         3.         3.14404477 3.41060828 1.         5.
 5.3748913  3.         4.         4.16876757 5.         6.
 6.18852111 7.2013591  7.34228238 9.05090573]
OPE coefficient averages: [1.96203009e-01 9.49254794e-03 4.91229844e-03 2.85281567e-03
 2.52864763e-02 3.83193024e-06 1.19101701e-06 3.31624655e-06
 7.24947556e-05 5.56256692e-04 8.16363219e-04 2.00270006e-04
 1.72232081e-04 1.64276024e-04 9.98893843e-05 2.94505353e-04]
OPE coefficient standard deviation: [1.33735452e-02 9.75965844e-03 7.11539738e-03 5.70811684e-03
 2.64036883e-03 6.06229902e-06 9.52129059e-07 3.31530432e-06
 9.54659953e-05 1.92061438e-04 4.69952480e-04 1.39344498e-04
 1.32765293e-04 7.93103780e-05 4.34707949e-05 9.65522602e-05]
OPE coefficient relative std: [0.06816177 1.02813897 1.44848638 2.00087124 0.10441822 1.58204838
 0.79942524 0.99971587 1.31686761 0.34527484 0.57566592 0.69578316
 0.77085112 0.4827873  0.43518934 0.32784552]
OPE coefficient average relative error: [0.80379699 0.99050745 0.9950877  0.99714718 0.97471352 0.99999617
 0.99999881 0.99999668 0.99992751 0.99944374 0.99918364 0.99979973
 0.99982777 0.99983572 0.99990011 0.99970549]
Number of runs considered: 5
Average reward: 68.46611849600671
Reward standard deviation: 20.178599555818163
Delta averages: [ 1.          4.          4.12637247  4.39098324  2.          6.
  6.26101466  4.          5.          5.2582541   6.          7.
  7.28443375  8.16276072  8.23379726 10.0564219 ]
Delta standard deviations: [0.         0.         0.215181   0.33648949 0.         0.
 0.29477768 0.         0.         0.16672707 0.         0.
 0.24706411 0.13476739 0.15907626 0.05768387]
Delta relative std: [0.         0.         0.05214774 0.07663192 0.         0.
 0.04708146 0.         0.         0.03170769 0.         0.
 0.03391672 0.01651003 0.01931991 0.00573602]
Delta average relative error: [0.         3.         3.12637247 3.39098324 1.         5.
 5.26101466 3.         4.         4.2582541  5.         6.
 6.28443375 7.16276072 7.23379726 9.0564219 ]
OPE coefficient averages: [2.07354475e-01 2.50562979e-03 5.63126142e-03 5.68072732e-03
 2.29638134e-02 1.42446141e-06 7.62613853e-07 1.66846849e-06
 7.50435421e-05 4.74405222e-04 4.49698127e-04 2.32003899e-04
 1.42269379e-04 1.10800893e-04 9.54491382e-05 2.07046437e-04]
OPE coefficient standard deviation: [9.68339051e-03 4.98113718e-03 6.37270249e-03 7.01214083e-03
 1.67178784e-03 1.04535663e-06 5.35942425e-07 1.13057435e-06
 9.89078698e-05 1.92488047e-04 1.80242711e-04 1.14041260e-04
 6.09749279e-05 6.61925821e-05 4.89056263e-05 4.83211523e-05]
OPE coefficient relative std: [0.04669969 1.98797811 1.13166518 1.23437377 0.07280097 0.73386096
 0.70277038 0.67761205 1.31800641 0.40574605 0.40080823 0.49154889
 0.42858785 0.59740116 0.51237368 0.23338316]
OPE coefficient average relative error: [0.79264553 0.99749437 0.99436874 0.99431927 0.97703619 0.99999858
 0.99999924 0.99999833 0.99992496 0.99952559 0.9995503  0.999768
 0.99985773 0.9998892  0.99990455 0.99979295]
