Number of runs considered: 10
Average reward: 224.30693170691998
Reward standard deviation: 142.53641678237165
Delta averages: [ 0.50261639  1.28005634  1.77416275  2.17969654  2.53897224  3.16459798
  3.67256066  4.6414554   4.88381428  5.23483246  6.43463216  6.71453167
  7.02616149  8.2957037   8.48315402 10.04890669]
Delta standard deviations: [0.48427804 1.0372555  0.99573099 0.87776241 0.3911053  0.48067423
 0.76662569 0.49206472 0.43809083 0.39637623 0.18377156 0.26500929
 0.45318828 0.29768832 0.3023843  0.04092805]
Delta relative std: [0.96351421 0.81032019 0.56123994 0.40269936 0.15404079 0.15189109
 0.20874419 0.10601518 0.0897026  0.07571899 0.02855976 0.03946802
 0.06450012 0.03588464 0.03564527 0.00407289]
Delta average relative error: [0.64124447 0.74690683 0.85874449 1.19806462 1.53897224 2.16459798
 2.67256066 3.6414554  3.88381428 4.23483246 5.43463216 5.71453167
 6.02616149 7.2957037  7.48315402 9.04890669]
OPE coefficient averages: [1.58595496e-01 7.15858737e-02 7.29532767e-02 5.68681165e-02
 8.67800154e-03 2.71901075e-03 3.39318564e-03 1.07805038e-04
 6.10438688e-05 4.77035898e-04 4.48346053e-05 9.88735756e-05
 1.54706419e-04 7.19520777e-05 3.89942911e-05 7.11153786e-05]
OPE coefficient standard deviation: [7.76978782e-02 6.32142524e-02 7.58069326e-02 1.12821959e-01
 6.13310542e-03 3.42530649e-03 4.61872908e-03 2.16036454e-04
 8.72527838e-05 2.33609573e-04 4.45534071e-05 7.65279844e-05
 1.22402987e-04 6.09302489e-05 3.39327385e-05 2.46699977e-05]
OPE coefficient relative std: [0.48991226 0.88305484 1.03911621 1.98392291 0.70674168 1.25976202
 1.36117784 2.00395507 1.42934558 0.48971068 0.9937281  0.77399835
 0.79119527 0.84681709 0.8701976  0.34690103]
OPE coefficient average relative error: [0.8414045  0.92841413 0.92704672 0.94313188 0.991322   0.99728099
 0.99660681 0.99989219 0.99993896 0.99952296 0.99995517 0.99990113
 0.99984529 0.99992805 0.99996101 0.99992888]
Number of runs considered: 5
Average reward: 309.8292508153493
Reward standard deviation: 160.18914551839276
Delta averages: [ 0.22187091  0.74857551  1.28595713  1.73595504  2.39853221  3.06521179
  3.48228925  4.68086016  4.91420943  5.31509625  6.50817293  6.79816357
  6.96730995  8.18615052  8.46092313 10.0729387 ]
Delta standard deviations: [0.26721424 0.33933318 0.69550658 0.6322627  0.48506479 0.46652564
 0.59169161 0.41306685 0.29564651 0.32307006 0.113808   0.22493992
 0.19483796 0.10089344 0.11592178 0.04641734]
Delta relative std: [1.20436803 0.45330521 0.54084741 0.36421606 0.20223401 0.15220013
 0.16991455 0.08824593 0.06016156 0.06078348 0.01748694 0.03308834
 0.02796459 0.01232489 0.01370084 0.00460812]
Delta average relative error: [0.77812909 0.34671716 0.4551206  0.7726912  1.39853221 2.06521179
 2.48228925 3.68086016 3.91420943 4.31509625 5.50817293 5.79816357
 5.96730995 7.18615052 7.46092313 9.0729387 ]
OPE coefficient averages: [1.69432721e-01 8.22677879e-02 9.14550432e-02 1.09696820e-01
 8.29534556e-03 4.31019764e-03 1.98732594e-03 1.89486837e-04
 1.42270233e-05 3.44063419e-04 3.45456345e-05 7.92704583e-05
 1.18469528e-04 3.56537946e-05 4.26173861e-05 5.57103968e-05]
OPE coefficient standard deviation: [1.03430445e-01 7.17281257e-02 8.59508687e-02 1.40902576e-01
 4.74510071e-03 4.10962015e-03 3.67400837e-03 2.79871483e-04
 1.22391484e-05 2.23005599e-04 3.79959164e-05 6.15408300e-05
 9.14819335e-05 4.03675906e-05 3.95769313e-05 1.95717133e-05]
OPE coefficient relative std: [0.61045142 0.87188592 0.93981552 1.28447275 0.57201966 0.95346443
 1.84871958 1.47699696 0.86027472 0.6481526  1.09987606 0.77634003
 0.772198   1.13221022 0.92865694 0.35131168]
OPE coefficient average relative error: [0.83056728 0.91773221 0.90854496 0.89030318 0.99170465 0.9956898
 0.99801267 0.99981051 0.99998577 0.99965594 0.99996545 0.99992073
 0.99988153 0.99996435 0.99995738 0.99994429]
