Number of runs considered: 10
Average reward: 106.69033050451662
Reward standard deviation: 184.00992102720116
Delta averages: [ 1.  4.  8.  9.  2.  6. 10.  4.  5.  8.  6.  7. 10.  8.  9. 10.]
Delta standard deviations: [0. 0. 0. 0. 0. 0. 0. 0. 0. 0. 0. 0. 0. 0. 0. 0.]
Delta relative std: [0. 0. 0. 0. 0. 0. 0. 0. 0. 0. 0. 0. 0. 0. 0. 0.]
Delta average relative error: [0. 3. 7. 8. 1. 5. 9. 3. 4. 7. 5. 6. 9. 7. 8. 9.]
OPE coefficient averages: [1.90970174e-01 2.15125716e-02 1.24709979e-06 1.99767991e-06
 2.61235133e-02 1.01931092e-03 3.64167760e-06 5.38461389e-04
 4.04024084e-05 1.47921775e-03 1.22301626e-03 6.82476981e-04
 3.20148450e-04 8.18154897e-04 3.05881948e-04 6.21639006e-04]
OPE coefficient standard deviation: [4.51202386e-02 1.37240712e-02 1.82663622e-06 1.80146630e-06
 1.20609774e-02 2.10867732e-03 3.98997251e-06 1.57983516e-03
 9.71714271e-05 8.97594029e-04 1.45190784e-03 9.62301815e-04
 3.86789390e-04 6.38703079e-04 3.52480414e-04 3.89768341e-04]
OPE coefficient relative std: [0.23626851 0.63795586 1.46470735 0.90177925 0.46169048 2.06872828
 1.09564133 2.93398039 2.40508997 0.60680318 1.18715333 1.41001359
 1.20815637 0.78066278 1.15234134 0.6270011 ]
OPE coefficient average relative error: [0.80902983 0.97848743 0.99999875 0.999998   0.97387649 0.99898069
 0.99999636 0.99946154 0.9999596  0.99852078 0.99877698 0.99931752
 0.99967985 0.99918185 0.99969412 0.99937836]
