Number of runs considered: 10
Average reward: 52.3605336296733
Reward standard deviation: 35.08405683748102
Delta averages: [ 1.          4.          8.          8.34889231  2.          6.
  6.33447889  4.          5.          5.31660858  6.          7.
  7.30103455  8.15397798  8.23860852 10.03321513]
Delta standard deviations: [0.         0.         0.         0.26423974 0.         0.
 0.24714294 0.         0.         0.3449902  0.         0.
 0.14591334 0.12600267 0.1790085  0.03064444]
Delta relative std: [0.         0.         0.         0.03164968 0.         0.
 0.03901551 0.         0.         0.06488915 0.         0.
 0.0199853  0.01545291 0.021728   0.0030543 ]
Delta average relative error: [0.         3.         7.         7.34889231 1.         5.
 5.33447889 3.         4.         4.31660858 5.         6.
 6.30103455 7.15397798 7.23860852 9.03321513]
OPE coefficient averages: [1.83611304e-01 2.14579899e-02 8.48224469e-07 1.20623719e-06
 2.90926616e-02 3.39313205e-06 3.01426130e-06 6.91253201e-06
 1.14611022e-04 1.01027417e-03 1.44127989e-03 3.65733043e-04
 2.28979852e-04 4.49230246e-04 1.08825646e-04 5.07871636e-04]
OPE coefficient standard deviation: [2.45060780e-02 8.02043061e-03 7.08578516e-07 1.69007512e-06
 5.44293913e-03 4.10000523e-06 2.44549868e-06 9.39237388e-06
 1.85363513e-04 5.94804722e-04 1.41662525e-03 2.34628672e-04
 2.58621597e-04 3.30373194e-04 1.02333812e-04 2.86566543e-04]
OPE coefficient relative std: [0.13346715 0.37377362 0.83536675 1.40111343 0.18708976 1.20832469
 0.81130945 1.35874581 1.61732711 0.58875574 0.98289393 0.64152987
 1.12945132 0.73542064 0.94034647 0.56424995]
OPE coefficient average relative error: [0.8163887  0.97854201 0.99999915 0.99999879 0.97090734 0.99999661
 0.99999699 0.99999309 0.99988539 0.99898973 0.99855872 0.99963427
 0.99977102 0.99955077 0.99989117 0.99949213]
Number of runs considered: 5
Average reward: 72.46873698876314
Reward standard deviation: 40.54513933878313
Delta averages: [ 1.          4.          8.          8.39352521  2.          6.
  6.25178982  4.          5.          5.20345427  6.          7.
  7.30372332  8.10029577  8.1382359  10.02377778]
Delta standard deviations: [0.         0.         0.         0.23028866 0.         0.
 0.1368982  0.         0.         0.24253965 0.         0.
 0.07142497 0.08995531 0.10284206 0.03483029]
Delta relative std: [0.         0.         0.         0.02743647 0.         0.
 0.02189744 0.         0.         0.04661128 0.         0.
 0.00977925 0.01110519 0.0126369  0.00347477]
Delta average relative error: [0.         3.         7.         7.39352521 1.         5.
 5.25178982 3.         4.         4.20345427 5.         6.
 6.30372332 7.10029577 7.1382359  9.02377778]
OPE coefficient averages: [2.00958641e-01 1.57485387e-02 7.22064403e-07 3.61023407e-07
 2.61806385e-02 6.20304013e-06 3.78301767e-06 1.04974636e-05
 2.20765577e-04 6.81322299e-04 1.20038440e-03 4.12666198e-04
 1.03426958e-04 3.28097166e-04 1.30280143e-04 4.31805595e-04]
OPE coefficient standard deviation: [2.30596431e-02 7.51152979e-03 4.53156240e-07 2.24153933e-07
 4.83272611e-03 4.21871004e-06 2.40369642e-06 1.15450794e-05
 2.14743757e-04 6.01471102e-04 1.09348060e-03 2.31375582e-04
 1.43692222e-04 2.60234758e-04 1.32565623e-04 2.07169869e-04]
OPE coefficient relative std: [0.1147482  0.47696678 0.62758424 0.62088476 0.18459161 0.68010362
 0.63539128 1.09979704 0.97272301 0.88279967 0.91094202 0.5606846
 1.38931111 0.79316369 1.01754281 0.47977579]
OPE coefficient average relative error: [0.79904136 0.98425146 0.99999928 0.99999964 0.97381936 0.9999938
 0.99999622 0.9999895  0.99977923 0.99931868 0.99879962 0.99958733
 0.99989657 0.9996719  0.99986972 0.99956819]
