Number of runs considered: 10
Average reward: 247.35500995294814
Reward standard deviation: 61.0896608761878
Delta averages: [ 1.          4.          4.16041653  4.3443768   2.          2.23478052
  2.55620319  4.          4.52553692  4.73651642  6.23401251  6.59344723
  6.80702519  8.1705185   8.32819101 10.02423705]
Delta standard deviations: [0.         0.         0.24515515 0.30326178 0.         0.2319074
 0.29766959 0.         0.59286331 0.59620187 0.16883553 0.3678048
 0.41881579 0.11133828 0.16706443 0.02165922]
Delta relative std: [0.         0.         0.05892563 0.06980559 0.         0.10377189
 0.11644989 0.         0.13100397 0.12587349 0.02708296 0.05578338
 0.06152699 0.01362683 0.02006011 0.00216069]
Delta average relative error: [0.         3.         3.16041653 3.3443768  1.         1.23478052
 1.55620319 3.         3.52553692 3.73651642 5.23401251 5.59344723
 5.80702519 7.1705185  7.32819101 9.02423705]
OPE coefficient averages: [2.38161104e-01 2.46189288e-03 9.35102521e-04 5.04857547e-04
 1.45601967e-02 2.99182450e-03 1.36853533e-04 2.02994850e-05
 2.78040856e-05 1.76503136e-04 1.45237323e-04 4.56623847e-05
 6.59750490e-05 1.42684202e-05 2.29086631e-05 6.63156603e-05]
OPE coefficient standard deviation: [3.63267660e-03 2.03890373e-03 1.72558868e-03 1.00025836e-03
 5.79479427e-03 5.54282477e-03 2.76727315e-04 4.80533560e-05
 3.15820588e-05 7.28014350e-05 7.59873444e-05 2.51601778e-05
 4.13173955e-05 1.36117217e-05 2.28590276e-05 1.96279892e-05]
OPE coefficient relative std: [0.01525302 0.8281854  1.84534705 1.98126851 0.39798873 1.85265706
 2.02206921 2.36722045 1.13587835 0.41246539 0.52319433 0.55100446
 0.6262579  0.95397539 0.99783333 0.29597819]
OPE coefficient average relative error: [0.7618389  0.99753811 0.9990649  0.99949514 0.9854398  0.99700818
 0.99986315 0.9999797  0.9999722  0.9998235  0.99985476 0.99995434
 0.99993402 0.99998573 0.99997709 0.99993368]
