Number of runs considered: 10
Average reward: 87.9118749550798
Reward standard deviation: 116.45682176160776
Delta averages: [ 1.          4.          8.          9.          2.          6.
  6.44083272  4.          5.          8.          6.          7.
  7.23463519  8.          8.12197007 10.03560751]
Delta standard deviations: [0.         0.         0.         0.         0.         0.
 0.45426203 0.         0.         0.         0.         0.
 0.14365413 0.         0.10390173 0.02846485]
Delta relative std: [0.         0.         0.         0.         0.         0.
 0.07052846 0.         0.         0.         0.         0.
 0.01985644 0.         0.01279268 0.00283638]
Delta average relative error: [0.         3.         7.         8.         1.         5.
 5.44083272 3.         4.         7.         5.         6.
 6.23463519 7.         7.12197007 9.03560751]
OPE coefficient averages: [1.82556306e-01 2.28581733e-02 2.62167550e-06 1.06338441e-06
 3.08959653e-02 1.42823803e-05 5.82824758e-06 3.29841314e-06
 5.66776189e-06 1.58603631e-03 1.63530170e-03 7.47233261e-04
 4.33024300e-04 5.15759731e-04 6.46549594e-04 7.15144852e-04]
OPE coefficient standard deviation: [3.44013099e-02 1.15871484e-02 3.43978987e-06 1.08693723e-06
 8.39566920e-03 2.64208290e-05 4.16454681e-06 3.14359097e-06
 6.33849133e-06 7.60860088e-04 1.44364573e-03 7.52683527e-04
 3.96463189e-04 5.97328906e-04 5.50519806e-04 4.19367622e-04]
OPE coefficient relative std: [0.18844219 0.50691489 1.31205783 1.02214892 0.27173999 1.84988976
 0.71454528 0.95306162 1.11834115 0.47972425 0.88280085 1.00729393
 0.91556799 1.15815344 0.85147344 0.58640934]
OPE coefficient average relative error: [0.81744369 0.97714183 0.99999738 0.99999894 0.96910403 0.99998572
 0.99999417 0.9999967  0.99999433 0.99841396 0.9983647  0.99925277
 0.99956698 0.99948424 0.99935345 0.99928486]
