Number of runs considered: 10
Average reward: 62.63361829182103
Reward standard deviation: 19.589150257447557
Delta averages: [ 1.          4.          4.08160369  4.28159585  2.          6.
  6.25505364  4.          5.          5.17260613  6.16301118  6.42295028
  6.67205688  8.24294347  8.34761572 10.03323518]
Delta standard deviations: [0.         0.         0.11384493 0.39826639 0.         0.
 0.23486974 0.         0.         0.17105371 0.11923063 0.19619779
 0.19697363 0.15227634 0.13321968 0.02919718]
Delta relative std: [0.         0.         0.02789221 0.09301821 0.         0.
 0.0375488  0.         0.         0.03306915 0.01934617 0.03054637
 0.02952218 0.01847354 0.01595901 0.00291005]
Delta average relative error: [0.         3.         3.08160369 3.28159585 1.         5.
 5.25505364 3.         4.         4.17260613 5.16301118 5.42295028
 5.67205688 7.24294347 7.34761572 9.03323518]
OPE coefficient averages: [2.03457254e-01 8.09551357e-03 2.58275952e-03 4.23517106e-03
 2.41509396e-02 5.87340650e-06 1.56471933e-06 4.92792610e-06
 1.07743210e-04 4.69185566e-04 3.37983577e-04 3.08038171e-04
 4.33842876e-04 9.01284402e-05 1.59686129e-04 2.69132612e-04]
OPE coefficient standard deviation: [1.14009730e-02 6.55357935e-03 3.49295171e-03 6.41332318e-03
 2.26870275e-03 5.70270785e-06 1.10383022e-06 4.82605309e-06
 9.78984316e-05 2.86637188e-04 1.71731007e-04 2.52154302e-04
 3.67754716e-04 4.80015109e-05 1.45403724e-04 9.37251628e-05]
OPE coefficient relative std: [0.05603621 0.80953225 1.35241074 1.51430086 0.09393849 0.97093703
 0.70544934 0.97932741 0.90862739 0.61092499 0.50810459 0.81858135
 0.84766798 0.53259005 0.91055952 0.348249  ]
OPE coefficient average relative error: [0.79654275 0.99190449 0.99741724 0.99576483 0.97584906 0.99999413
 0.99999844 0.99999507 0.99989226 0.99953081 0.99966202 0.99969196
 0.99956616 0.99990987 0.99984031 0.99973087]
Number of runs considered: 5
Average reward: 75.82203404030612
Reward standard deviation: 19.67859592797633
Delta averages: [ 1.          4.          4.05483256  4.23670074  2.          6.
  6.2757673   4.          5.          5.07118374  6.1505677   6.38314169
  6.65482821  8.14552976  8.26953876 10.03406062]
Delta standard deviations: [0.         0.         0.06333602 0.13162781 0.         0.
 0.26281955 0.         0.         0.00383526 0.11962718 0.24121552
 0.15400718 0.11360163 0.09258612 0.0214355 ]
Delta relative std: [0.         0.         0.01561988 0.03106847 0.         0.
 0.04187847 0.         0.         0.00075628 0.01944978 0.03778947
 0.02314217 0.0139465  0.01119604 0.00213627]
Delta average relative error: [0.         3.         3.05483256 3.23670074 1.         5.
 5.2757673  3.         4.         4.07118374 5.1505677  5.38314169
 5.65482821 7.14552976 7.26953876 9.03406062]
OPE coefficient averages: [2.12345120e-01 6.77411041e-03 4.82990164e-03 5.33727786e-04
 2.24648060e-02 7.40894422e-06 1.72467680e-06 5.29227717e-06
 1.26378280e-04 3.81558703e-04 2.70116108e-04 2.37024719e-04
 3.55455493e-04 8.06971017e-05 1.16051160e-04 2.11851106e-04]
OPE coefficient standard deviation: [8.31504698e-03 4.11814346e-03 3.75922608e-03 5.90414723e-04
 1.29651000e-03 7.32558978e-06 8.25829254e-07 4.13070371e-06
 1.05123693e-04 1.93283333e-04 1.46130668e-04 1.69443491e-04
 2.61274689e-04 3.67372054e-05 5.73855056e-05 3.89237257e-05]
OPE coefficient relative std: [0.03915817 0.60792388 0.77832353 1.10620945 0.05771294 0.98874949
 0.47883131 0.78051538 0.83181773 0.50656251 0.54099205 0.71487688
 0.73504192 0.45524814 0.49448455 0.18373152]
OPE coefficient average relative error: [0.78765488 0.99322589 0.9951701  0.99946627 0.97753519 0.99999259
 0.99999828 0.99999471 0.99987362 0.99961844 0.99972988 0.99976298
 0.99964454 0.9999193  0.99988395 0.99978815]
Number of runs considered: 5
Average reward: 75.82203404030612
Reward standard deviation: 19.67859592797633
Delta averages: [ 1.          4.          4.05483256  4.23670074  2.          6.
  6.2757673   4.          5.          5.07118374  6.1505677   6.38314169
  6.65482821  8.14552976  8.26953876 10.03406062]
Delta standard deviations: [0.         0.         0.06333602 0.13162781 0.         0.
 0.26281955 0.         0.         0.00383526 0.11962718 0.24121552
 0.15400718 0.11360163 0.09258612 0.0214355 ]
Delta relative std: [0.         0.         0.01561988 0.03106847 0.         0.
 0.04187847 0.         0.         0.00075628 0.01944978 0.03778947
 0.02314217 0.0139465  0.01119604 0.00213627]
Delta average relative error: [0.         3.         3.05483256 3.23670074 1.         5.
 5.2757673  3.         4.         4.07118374 5.1505677  5.38314169
 5.65482821 7.14552976 7.26953876 9.03406062]
OPE coefficient averages: [2.12345120e-01 6.77411041e-03 4.82990164e-03 5.33727786e-04
 2.24648060e-02 7.40894422e-06 1.72467680e-06 5.29227717e-06
 1.26378280e-04 3.81558703e-04 2.70116108e-04 2.37024719e-04
 3.55455493e-04 8.06971017e-05 1.16051160e-04 2.11851106e-04]
OPE coefficient standard deviation: [8.31504698e-03 4.11814346e-03 3.75922608e-03 5.90414723e-04
 1.29651000e-03 7.32558978e-06 8.25829254e-07 4.13070371e-06
 1.05123693e-04 1.93283333e-04 1.46130668e-04 1.69443491e-04
 2.61274689e-04 3.67372054e-05 5.73855056e-05 3.89237257e-05]
OPE coefficient relative std: [0.03915817 0.60792388 0.77832353 1.10620945 0.05771294 0.98874949
 0.47883131 0.78051538 0.83181773 0.50656251 0.54099205 0.71487688
 0.73504192 0.45524814 0.49448455 0.18373152]
OPE coefficient average relative error: [0.78765488 0.99322589 0.9951701  0.99946627 0.97753519 0.99999259
 0.99999828 0.99999471 0.99987362 0.99961844 0.99972988 0.99976298
 0.99964454 0.9999193  0.99988395 0.99978815]
