Number of runs considered: 10
Average reward: 43.932601335561756
Reward standard deviation: 18.4701325372327
Delta averages: [ 1.          4.          8.          9.          2.          6.
  6.53973887  4.          5.          8.          6.          7.
  7.22534378  8.          9.         10.04509334]
Delta standard deviations: [0.         0.         0.         0.         0.         0.
 0.36019856 0.         0.         0.         0.         0.
 0.22447861 0.         0.         0.02522084]
Delta relative std: [0.         0.         0.         0.         0.         0.
 0.05507843 0.         0.         0.         0.         0.
 0.03106822 0.         0.         0.00251076]
Delta average relative error: [0.         3.         7.         8.         1.         5.
 5.53973887 3.         4.         7.         5.         6.
 6.22534378 7.         8.         9.04509334]
OPE coefficient averages: [1.68622851e-01 2.79032726e-02 2.68721339e-06 5.33145072e-07
 3.26718820e-02 3.18919189e-06 5.66486825e-06 4.17149905e-06
 2.53796583e-06 1.88741912e-03 1.56483635e-03 7.04574779e-04
 6.50572933e-04 9.91267542e-04 3.03460175e-04 7.41430134e-04]
OPE coefficient standard deviation: [2.76960525e-02 9.53258887e-03 1.72279740e-06 4.58644032e-07
 6.88479068e-03 2.94105847e-06 3.49970329e-06 5.12311544e-06
 2.32817760e-06 6.25961409e-04 1.91356477e-03 7.70823431e-04
 6.20726452e-04 5.20329698e-04 3.47429883e-04 3.98430354e-04]
OPE coefficient relative std: [0.16424851 0.34162978 0.64110926 0.86026122 0.21072526 0.92219552
 0.61779076 1.22812336 0.91734001 0.33164939 1.22285297 1.09402643
 0.95412277 0.52491348 1.14489449 0.53738085]
OPE coefficient average relative error: [0.83137715 0.97209673 0.99999731 0.99999947 0.96732812 0.99999681
 0.99999434 0.99999583 0.99999746 0.99811258 0.99843516 0.99929543
 0.99934943 0.99900873 0.99969654 0.99925857]
