Number of runs considered: 10
Average reward: 390.4298603469564
Reward standard deviation: 295.6969722966768
Delta averages: [ 1.          1.10913649  1.3927893   1.82818691  2.          2.62586331
  3.0281535   4.37060851  4.99101354  5.31705912  6.20712205  6.54096441
  6.6854474   8.22650191  8.34229811 10.02981932]
Delta standard deviations: [0.         0.10386511 0.16057172 0.65545591 0.         0.63337494
 0.62550143 0.26365496 0.44790763 0.60559601 0.13177048 0.32074261
 0.28634941 0.20191218 0.17737859 0.03855454]
Delta relative std: [0.         0.09364503 0.11528788 0.35852784 0.         0.24120636
 0.206562   0.06032454 0.08974282 0.1138968  0.02122892 0.04903598
 0.04283175 0.02454411 0.02126256 0.00384399]
Delta average relative error: [0.         0.10913649 0.3927893  0.82818691 1.         1.62586331
 2.0281535  3.37060851 3.99101354 4.31705912 5.20712205 5.54096441
 5.6854474  7.22650191 7.34229811 9.02981932]
OPE coefficient averages: [7.52942022e-02 6.01778492e-02 6.48608969e-02 2.06837007e-02
 7.74595712e-03 6.07538478e-03 3.03539136e-03 4.95939205e-05
 9.71234593e-05 2.50932642e-04 2.19772845e-05 7.97759442e-05
 9.85744174e-05 4.38196546e-05 2.44148212e-05 4.64507704e-05]
OPE coefficient standard deviation: [6.25053287e-02 6.26474720e-02 5.21793461e-02 2.69131012e-02
 7.31090641e-03 5.64344879e-03 5.47030668e-03 6.89438197e-05
 7.29571355e-05 1.05503785e-04 1.90436011e-05 9.05534558e-05
 6.80000343e-05 4.44022692e-05 1.80089764e-05 1.98113533e-05]
OPE coefficient relative std: [0.83014796 1.04103874 0.8044808  1.30117437 0.94383513 0.92890393
 1.80217508 1.39016676 0.75117933 0.42044663 0.86651293 1.13509726
 0.6898345  1.01329574 0.73762475 0.42650215]
OPE coefficient average relative error: [0.9247058  0.93982215 0.9351391  0.9793163  0.99225404 0.99392462
 0.99696461 0.99995041 0.99990288 0.99974907 0.99997802 0.99992022
 0.99990143 0.99995618 0.99997559 0.99995355]
Number of runs considered: 5
Average reward: 530.1648099758569
Reward standard deviation: 368.4338103585591
Delta averages: [ 1.          1.12476297  1.38073891  2.03151503  2.          2.57899373
  2.85939156  4.43253052  4.96551358  5.35002513  6.17034914  6.53521814
  6.65530132  8.17259012  8.28761804 10.03848311]
Delta standard deviations: [0.         0.0868447  0.17343531 0.85031302 0.         0.33163435
 0.47250021 0.27624213 0.35392341 0.55503132 0.0956835  0.39781258
 0.36710407 0.12812634 0.09421784 0.05156958]
Delta relative std: [0.         0.07721155 0.1256105  0.41856103 0.         0.1285906
 0.16524502 0.06232154 0.0712763  0.10374368 0.01550698 0.06087212
 0.05515965 0.01567757 0.01136851 0.00513719]
Delta average relative error: [0.         0.12476297 0.38073891 1.03151503 1.         1.57899373
 1.85939156 3.43253052 3.96551358 4.35002513 5.17034914 5.53521814
 5.65530132 7.17259012 7.28761804 9.03848311]
OPE coefficient averages: [9.96680264e-02 5.45032857e-02 5.10351180e-02 2.32191813e-02
 8.32199728e-03 7.02296824e-03 7.90803784e-04 3.33168945e-05
 1.03563493e-04 2.16571498e-04 1.27002445e-05 5.80290702e-05
 8.60681450e-05 2.18828484e-05 2.40316837e-05 3.63993367e-05]
OPE coefficient standard deviation: [7.50629236e-02 5.88501132e-02 5.39559675e-02 3.56315153e-02
 6.78168369e-03 5.71441586e-03 1.16724567e-03 3.23345069e-05
 8.33181336e-05 1.18529181e-04 1.07713925e-05 3.24912636e-05
 4.46341905e-05 1.91361068e-05 1.53887423e-05 9.76532442e-06]
OPE coefficient relative std: [0.75312943 1.07975349 1.05723215 1.53457242 0.81491059 0.81367531
 1.47602439 0.97051383 0.80451258 0.54729815 0.84812482 0.55991356
 0.51859129 0.87447971 0.64035223 0.26828303]
OPE coefficient average relative error: [0.90033197 0.94549671 0.94896488 0.97678082 0.991678   0.99297703
 0.9992092  0.99996668 0.99989644 0.99978343 0.9999873  0.99994197
 0.99991393 0.99997812 0.99997597 0.9999636 ]
Number of runs considered: 5
Average reward: 530.1648099758569
Reward standard deviation: 368.4338103585591
Delta averages: [ 1.          1.12476297  1.38073891  2.03151503  2.          2.57899373
  2.85939156  4.43253052  4.96551358  5.35002513  6.17034914  6.53521814
  6.65530132  8.17259012  8.28761804 10.03848311]
Delta standard deviations: [0.         0.0868447  0.17343531 0.85031302 0.         0.33163435
 0.47250021 0.27624213 0.35392341 0.55503132 0.0956835  0.39781258
 0.36710407 0.12812634 0.09421784 0.05156958]
Delta relative std: [0.         0.07721155 0.1256105  0.41856103 0.         0.1285906
 0.16524502 0.06232154 0.0712763  0.10374368 0.01550698 0.06087212
 0.05515965 0.01567757 0.01136851 0.00513719]
Delta average relative error: [0.         0.12476297 0.38073891 1.03151503 1.         1.57899373
 1.85939156 3.43253052 3.96551358 4.35002513 5.17034914 5.53521814
 5.65530132 7.17259012 7.28761804 9.03848311]
OPE coefficient averages: [9.96680264e-02 5.45032857e-02 5.10351180e-02 2.32191813e-02
 8.32199728e-03 7.02296824e-03 7.90803784e-04 3.33168945e-05
 1.03563493e-04 2.16571498e-04 1.27002445e-05 5.80290702e-05
 8.60681450e-05 2.18828484e-05 2.40316837e-05 3.63993367e-05]
OPE coefficient standard deviation: [7.50629236e-02 5.88501132e-02 5.39559675e-02 3.56315153e-02
 6.78168369e-03 5.71441586e-03 1.16724567e-03 3.23345069e-05
 8.33181336e-05 1.18529181e-04 1.07713925e-05 3.24912636e-05
 4.46341905e-05 1.91361068e-05 1.53887423e-05 9.76532442e-06]
OPE coefficient relative std: [0.75312943 1.07975349 1.05723215 1.53457242 0.81491059 0.81367531
 1.47602439 0.97051383 0.80451258 0.54729815 0.84812482 0.55991356
 0.51859129 0.87447971 0.64035223 0.26828303]
OPE coefficient average relative error: [0.90033197 0.94549671 0.94896488 0.97678082 0.991678   0.99297703
 0.9992092  0.99996668 0.99989644 0.99978343 0.9999873  0.99994197
 0.99991393 0.99997812 0.99997597 0.9999636 ]
