Best 25 rewards
OPE 2 means:
[7.45931482e-06 8.36880055e-02 7.89787674e-02 6.26308060e-02
 7.92353942e-02 7.23752672e-02 6.53656990e-02 5.70570205e-02
 5.07687553e-02 4.76117939e-02 4.32806928e-02 4.17151819e-02
 3.86235314e-02 3.72621021e-02 3.81917808e-02]
OPE 2 lower bounds: 
[0.07895281 0.08549427 0.08693909 0.08727162 0.08414483 0.07863379
 0.07235719 0.06645009 0.06137977 0.05720287 0.05099763 0.04669567
 0.04356771 0.04121112 0.03937758]
OPE 2 upper bounds: 
[0.13385702 0.11407538 0.10783158 0.10176642 0.09456875 0.08669733
 0.07898621 0.07204433 0.06605672 0.06118142 0.05393092 0.04870602
 0.04500306 0.04227858 0.04019841]
OPE 2 stds:
[1.15409951e-05 4.86344635e-02 6.23241185e-04 2.21277596e-02
 3.52119514e-04 3.50005133e-04 1.59076687e-04 2.68670896e-04
 1.53187542e-04 2.73514648e-04 5.43220875e-04 8.37946707e-04
 1.34202658e-03 1.09271126e-03 1.64614220e-03]
OPE 2 relative error x100
[154.71923894  58.11401909   0.78912498  35.33047226   0.44439675
   0.48359771   0.24336416   0.4708814    0.30173586   0.57446827
   1.25511132   2.0087332    3.47463458   2.93250031   4.31020016]
OPE 2 bound error x100
[69.54053753 33.43043791 24.03118325 16.60883047 12.38806998 10.25455157
  9.16151743  8.41871474  7.61970044  6.95515109  5.75181737  4.30519866
  3.29451217  2.59023564  2.08451737]



OPE 3 means:
[0.20569971 0.0927839  0.13283348 0.15973106 0.133717   0.14174014
 0.14849651 0.15861618 0.16402308 0.16318542 0.16083926 0.15632354
 0.15584395 0.15343955 0.14851436]
OPE 3 lower bounds: 
[0.06528438 0.08557472 0.09193905 0.09741498 0.10356102 0.11048264
 0.11775672 0.1247986  0.13120819 0.1361811  0.1424684  0.14573915
 0.14681471 0.14676918 0.1461752 ]
OPE 3 upper bounds: 
[0.12281794 0.11981268 0.12208698 0.12289717 0.12537067 0.12960487
 0.13455124 0.13911497 0.14279051 0.14548199 0.14844687 0.14935216
 0.14915    0.14837676 0.1473386 ]
OPE 3 stds:
[1.56594782e-05 5.12690811e-02 9.47548718e-04 3.17783661e-02
 7.95139409e-04 8.96075484e-04 4.07318214e-04 7.02787984e-04
 3.37733666e-04 6.04251624e-04 1.05811577e-03 1.44018104e-03
 2.07910811e-03 1.56997305e-03 2.23843938e-03]
OPE 3 relative error x100
[7.61278559e-03 5.52564414e+01 7.13335762e-01 1.98949198e+01
 5.94643464e-01 6.32196007e-01 2.74294804e-01 4.43074583e-01
 2.05906185e-01 3.70285307e-01 6.57871586e-01 9.21282283e-01
 1.33409611e+00 1.02318666e+00 1.50722084e+00]
OPE 3 bound error x100
[88.12759052 40.00942889 32.79120866 26.15838989 21.05971205 17.30790433
 14.26204377 11.47157779  8.82743816  6.8297928   4.19634772  2.47909891
  1.59063693  1.09531192  0.79589429]



OPE 2+3 means:
[0.20570717 0.17647191 0.21181225 0.22236187 0.2129524  0.2141154
 0.21386221 0.2156732  0.21479184 0.21079721 0.20411995 0.19803872
 0.19446748 0.19070166 0.18670614]
OPE 2+3 lower bounds: 
[0.14423719 0.171069   0.17887814 0.1846866  0.18770585 0.18911643
 0.19011391 0.19124869 0.19258796 0.19338398 0.19346604 0.19243482
 0.19038243 0.18798029 0.18555278]
OPE 2+3 upper bounds: 
[0.25667495 0.23388806 0.22991856 0.22466359 0.21993942 0.2163022
 0.21353745 0.2111593  0.20884723 0.20666341 0.2023778  0.19805818
 0.19415306 0.19065534 0.18753701]
OPE 2+3 stds:
[9.35294151e-06 1.21402445e-02 3.24551251e-04 9.67687441e-03
 4.43541909e-04 5.46965810e-04 2.49340719e-04 4.36205076e-04
 1.84862878e-04 3.31752220e-04 5.16087340e-04 6.02573084e-04
 7.37419083e-04 4.77334928e-04 5.92330272e-04]
OPE 2+3 relative error x100
[4.54672599e-03 6.87942055e+00 1.53225913e-01 4.35185880e+00
 2.08282188e-01 2.55453742e-01 1.16589424e-01 2.02252794e-01
 8.60660636e-02 1.57379795e-01 2.52835326e-01 3.04270342e-01
 3.79199169e-01 2.50304553e-01 3.17252701e-01]
OPE 2+3 bound error x100
[77.95337659 36.7214804  28.53362498 21.64585059 17.172386   14.37515094
 12.32078781 10.41084886  8.44251968  6.86687371  4.6063694   2.92221496
  1.98055712  1.4230456   1.06936289]
