Best 10 rewards
OPE 1 means:
[0.00493352 0.04009026 0.09316526 0.16840283 0.20544069 0.25397324
 0.28332794 0.29400066 0.32734564 0.3447828  0.35549178 0.36273177
 0.36795053 0.37188935]
OPE 1 lower bounds: 
[0.0049331  0.04009213 0.09313723 0.16838753 0.20542293 0.2539734
 0.28333855 0.29401482 0.32735322 0.34478716 0.35549408 0.36273241
 0.36795034 0.37188907]
OPE 1 upper bounds: 
[0.00493311 0.04009266 0.0931395  0.16839012 0.20542452 0.25397387
 0.28333871 0.29401492 0.32735324 0.34478716 0.35549408 0.36273242
 0.36795034 0.37188907]
OPE 1 stds:
[1.64258194e-07 2.11395022e-06 8.09272071e-06 8.57912703e-06
 6.56844889e-06 4.13750059e-06 2.74188785e-06 2.49762461e-06
 2.14725304e-06 2.01481520e-06 1.55509657e-06 1.10630883e-06
 7.34853911e-07 8.02662782e-07]
OPE 1 relative error x100
[0.00332943 0.00527298 0.00868641 0.00509441 0.00319725 0.00162911
 0.00096774 0.00084953 0.00065596 0.00058437 0.00043745 0.00030499
 0.00019972 0.00021583]
OPE 1 bound error x100
[6.56744627e-05 1.32275671e-03 2.44305349e-03 1.53836842e-03
 7.74984503e-04 1.86214185e-04 5.51924324e-05 3.32287637e-05
 4.86441455e-06 1.28437276e-06 4.67383822e-07 2.08536054e-07
 1.07172449e-07 6.10956159e-08]



OPE 2 means:
[0.05149506 0.10300092 0.03505547 0.04761365 0.03543961 0.04069635
 0.04984028 0.05604926 0.05352788 0.05105209 0.04488838 0.03512314
 0.0259021  0.02248048]
OPE 2 lower bounds: 
[0.07895281 0.08693909 0.08414483 0.06645009 0.05720287 0.04669567
 0.04121112 0.03937758 0.03416609 0.0317196  0.03029819 0.02936815
 0.02871174 0.02822345]
OPE 2 upper bounds: 
[0.13385702 0.10783158 0.09456875 0.07204433 0.06118142 0.04870602
 0.04227858 0.04019841 0.03446949 0.0318709  0.0303872  0.02942652
 0.02875309 0.0282545 ]
OPE 2 stds:
[0.0448296  0.02922774 0.01225035 0.00546314 0.00446343 0.00446534
 0.0027919  0.00390034 0.00486198 0.00778182 0.00893101 0.00898796
 0.00783074 0.0109697 ]
OPE 2 relative error x100
[87.05611846 28.37619752 34.9456077  11.47389929 12.59447158 10.97233904
  5.60168721  6.95876666  9.08307337 15.24289673 19.89604864 25.5898542
 30.23208196 48.79658056]
OPE 2 bound error x100
[69.54053753 24.03118325 12.38806998  8.41871474  6.95515109  4.30519866
  2.59023564  2.08451737  0.88801344  0.47696537  0.2937851   0.19875827
  0.14403756  0.10999155]



OPE 3 means:
[0.1067986  0.10384805 0.20479303 0.17565329 0.18388156 0.15816032
 0.13787758 0.12747322 0.12059442 0.11709681 0.11932898 0.12624711
 0.13327244 0.13488587]
OPE 3 lower bounds: 
[0.06528438 0.09193905 0.10356102 0.1247986  0.1361811  0.14573915
 0.14676918 0.1461752  0.14142112 0.13735378 0.13435798 0.13212386
 0.13040988 0.12905884]
OPE 3 upper bounds: 
[0.12281794 0.12208698 0.12537067 0.13911497 0.14548199 0.14935216
 0.14837676 0.1473386  0.14178453 0.13752255 0.13445374 0.13218535
 0.13045288 0.12909084]
OPE 3 stds:
[0.04301253 0.03697174 0.019044   0.00955142 0.00747448 0.0064779
 0.00338073 0.00474879 0.00523917 0.00813229 0.00918884 0.00917164
 0.00794595 0.01109284]
OPE 3 relative error x100
[40.27443109 35.60176699  9.2991455   5.43765647  4.06483238  4.09578182
  2.451981    3.72532216  4.3444515   6.94492795  7.70042829  7.26483322
  5.96218618  8.22386905]
OPE 3 bound error x100
[8.81275905e+01 3.27912087e+01 2.10597121e+01 1.14715778e+01
 6.82979280e+00 2.47909891e+00 1.09531192e+00 7.95894293e-01
 2.56968273e-01 1.22876985e-01 7.12706285e-02 4.65437139e-02
 3.29737895e-02 2.47928605e-02]



OPE 2+3 means:
[0.15829366 0.20684897 0.23984849 0.22326694 0.21932117 0.19885668
 0.18771786 0.18352248 0.1741223  0.1681489  0.16421736 0.16137025
 0.15917453 0.15736634]
OPE 2+3 lower bounds: 
[0.14423719 0.17887814 0.18770585 0.19124869 0.19338398 0.19243482
 0.18798029 0.18555278 0.17558721 0.16907338 0.16465617 0.16149201
 0.15912161 0.1572823 ]
OPE 2+3 upper bounds: 
[0.25667495 0.22991856 0.21993942 0.2111593  0.20666341 0.19805818
 0.19065534 0.18753701 0.17625402 0.16939345 0.16484094 0.16161187
 0.15920597 0.15734534]
OPE 2+3 stds:
[0.01619881 0.00776752 0.00680176 0.00411014 0.0030394  0.00202226
 0.00061305 0.00085895 0.00038406 0.00035169 0.00025844 0.00018447
 0.00011602 0.00012358]
OPE 2+3 relative error x100
[10.23339218  3.75516391  2.83585668  1.84090673  1.38582356  1.01694432
  0.32657997  0.46803674  0.22056912  0.20915218  0.15737619  0.11431267
  0.07288802  0.07853008]
OPE 2+3 bound error x100
[7.79533766e+01 2.85336250e+01 1.71723860e+01 1.04108489e+01
 6.86687371e+00 2.92221496e+00 1.42304560e+00 1.06936289e+00
 3.79758214e-01 1.89306978e-01 1.12215252e-01 7.42247094e-02
 5.30140204e-02 4.00813020e-02]
