Best 25 rewards
OPE 1 means:
[0.0049337  0.0400887  0.09315375 0.16839355 0.20543404 0.25397465
 0.28332815 0.29400183 0.32734576 0.34478297 0.35549239 0.36273204
 0.36795026 0.37188946]
OPE 1 lower bounds: 
[0.0049331  0.04009213 0.09313723 0.16838753 0.20542293 0.2539734
 0.28333855 0.29401482 0.32735322 0.34478716 0.35549408 0.36273241
 0.36795034 0.37188907]
OPE 1 upper bounds: 
[0.00493311 0.04009266 0.0931395  0.16839012 0.20542452 0.25397387
 0.28333871 0.29401492 0.32735324 0.34478716 0.35549408 0.36273242
 0.36795034 0.37188907]
OPE 1 stds:
[1.83495241e-07 2.85193094e-06 1.19860468e-05 1.00163240e-05
 7.50568872e-06 4.93846213e-06 3.36611524e-06 3.14295730e-06
 3.01885786e-06 2.59860754e-06 2.12378907e-06 1.21816792e-06
 1.21155906e-06 8.04416007e-07]
OPE 1 relative error x100
[0.00371923 0.00711405 0.01286695 0.00594816 0.00365358 0.00194447
 0.00118806 0.00106903 0.00092222 0.00075369 0.00059742 0.00033583
 0.00032927 0.00021631]
OPE 1 bound error x100
[6.56744627e-05 1.32275671e-03 2.44305349e-03 1.53836842e-03
 7.74984503e-04 1.86214185e-04 5.51924324e-05 3.32287637e-05
 4.86441455e-06 1.28437276e-06 4.67383822e-07 2.08536054e-07
 1.07172449e-07 6.10956159e-08]



OPE 2 means:
[0.05787031 0.12366636 0.05236703 0.05314897 0.03938203 0.03899532
 0.04857817 0.05348561 0.05257497 0.04937243 0.04092932 0.03241601
 0.0282131  0.02032743]
OPE 2 lower bounds: 
[0.07895281 0.08693909 0.08414483 0.06645009 0.05720287 0.04669567
 0.04121112 0.03937758 0.03416609 0.0317196  0.03029819 0.02936815
 0.02871174 0.02822345]
OPE 2 upper bounds: 
[0.13385702 0.10783158 0.09456875 0.07204433 0.06118142 0.04870602
 0.04227858 0.04019841 0.03446949 0.0318709  0.0303872  0.02942652
 0.02875309 0.0282545 ]
OPE 2 stds:
[0.04278454 0.03823683 0.01850154 0.00617514 0.00493046 0.00468795
 0.00405358 0.00460491 0.00661919 0.00983684 0.01230534 0.00997526
 0.01318555 0.01126968]
OPE 2 relative error x100
[73.93175152 30.91934697 35.33051249 11.61854554 12.51956928 12.02182342
  8.34443907  8.60962668 12.5900101  19.92375586 30.06485443 30.77263608
 46.73554856 55.44077203]
OPE 2 bound error x100
[69.54053753 24.03118325 12.38806998  8.41871474  6.95515109  4.30519866
  2.59023564  2.08451737  0.88801344  0.47696537  0.2937851   0.19875827
  0.14403756  0.10999155]



OPE 3 means:
[0.08189963 0.07799275 0.17796497 0.16633397 0.17770322 0.16064583
 0.13964049 0.13068396 0.1216801  0.11890379 0.12341597 0.12902277
 0.13093786 0.13707305]
OPE 3 lower bounds: 
[0.06528438 0.09193905 0.10356102 0.1247986  0.1361811  0.14573915
 0.14676918 0.1461752  0.14142112 0.13735378 0.13435798 0.13212386
 0.13040988 0.12905884]
OPE 3 upper bounds: 
[0.12281794 0.12208698 0.12537067 0.13911497 0.14548199 0.14935216
 0.14837676 0.1473386  0.14178453 0.13752255 0.13445374 0.13218535
 0.13045288 0.12909084]
OPE 3 stds:
[0.0478975  0.04803277 0.02901566 0.01061756 0.00811876 0.00665147
 0.00506752 0.00556613 0.00711593 0.0102725  0.01266353 0.01018061
 0.0133846  0.0114003 ]
OPE 3 relative error x100
[58.48316952 61.58620712 16.30413936  6.38327544  4.56871837  4.14045718
  3.62897558  4.25923258  5.84806708  8.63933566 10.26085296  7.89055565
 10.22209827  8.3169551 ]
OPE 3 bound error x100
[8.81275905e+01 3.27912087e+01 2.10597121e+01 1.14715778e+01
 6.82979280e+00 2.47909891e+00 1.09531192e+00 7.95894293e-01
 2.56968273e-01 1.22876985e-01 7.12706285e-02 4.65437139e-02
 3.29737895e-02 2.47928605e-02]



OPE 2+3 means:
[0.13976994 0.2016591  0.230332   0.21948294 0.21708525 0.19964116
 0.18821865 0.18416957 0.17425507 0.16827622 0.16434528 0.16143878
 0.15915096 0.15740047]
OPE 2+3 lower bounds: 
[0.14423719 0.17887814 0.18770585 0.19124869 0.19338398 0.19243482
 0.18798029 0.18555278 0.17558721 0.16907338 0.16465617 0.16149201
 0.15912161 0.1572823 ]
OPE 2+3 upper bounds: 
[0.25667495 0.22991856 0.21993942 0.2111593  0.20666341 0.19805818
 0.19065534 0.18753701 0.17625402 0.16939345 0.16484094 0.16161187
 0.15920597 0.15734534]
OPE 2+3 stds:
[0.01939677 0.0098127  0.01053122 0.00446371 0.00321731 0.00199255
 0.00104054 0.00097702 0.00050991 0.00043959 0.00035919 0.00020611
 0.00019988 0.00013134]
OPE 2+3 relative error x100
[13.87764306  4.86598257  4.57219171  2.03374094  1.48205098  0.99806738
  0.55283559  0.53049959  0.2926227   0.26123241  0.21855857  0.12767162
  0.12559455  0.08344175]
OPE 2+3 bound error x100
[7.79533766e+01 2.85336250e+01 1.71723860e+01 1.04108489e+01
 6.86687371e+00 2.92221496e+00 1.42304560e+00 1.06936289e+00
 3.79758214e-01 1.89306978e-01 1.12215252e-01 7.42247094e-02
 5.30140204e-02 4.00813020e-02]
