Number of runs considered: 25
Average reward: 3694.7704352242213
Reward standard deviation: 649.54354160489
Delta averages: [ 0.58065559  1.02032486  1.73770935  2.57567574  2.03378499  2.74480683
  3.2310476   4.47078438  4.87966418  5.25525525  6.40096121  6.7342801
  6.93136644  8.25384801  8.44668604 10.03520444]
Delta standard deviations: [0.28406334 0.61148801 1.12076228 1.24311984 0.03595657 0.65346153
 0.64173353 0.40822175 0.59012192 0.61563857 0.25926584 0.2780078
 0.33146787 0.27502162 0.31456355 0.03092269]
Delta relative std: [0.48921141 0.59930718 0.64496533 0.48263833 0.01767963 0.23807196
 0.19861469 0.09130875 0.12093495 0.11714723 0.0405042  0.04128248
 0.04782143 0.03332041 0.03724106 0.00308142]
Delta relative error mean: [0.42097402 0.33898491 0.769547   1.57567574 1.03378499 1.74480683
 2.2310476  3.47078438 3.87966418 4.25525525 5.40096121 5.7342801
 5.93136644 7.25384801 7.44668604 9.03520444]
OPE coefficient averages: [1.25940536e-01 1.07035693e-01 4.51728633e-02 2.60362836e-02
 1.15830372e-02 2.42476629e-03 3.48909248e-04 8.20859701e-05
 7.06427785e-05 7.85125162e-05 1.38801098e-05 1.57764840e-05
 1.38743754e-05 5.47685207e-06 6.64185988e-06 1.02307068e-05]
OPE coefficient standard deviation: [1.04685409e-01 6.85514810e-02 5.38093339e-02 4.71782110e-02
 4.62105721e-03 3.88507328e-03 7.07930364e-04 5.91703721e-05
 6.81905872e-05 5.88350224e-05 1.23491567e-05 1.23172933e-05
 1.40172568e-05 5.51539684e-06 3.82750045e-06 3.01475447e-06]
OPE coefficient relative std: [0.83122886 0.6404544  1.19118714 1.81201787 0.39895039 1.60224649
 2.02898137 0.72083417 0.96528745 0.74937125 0.88970166 0.78073754
 1.01029822 1.00703776 0.57626938 0.29467705]
OPE coefficient average relative error: [0.87405946 0.89296431 0.95482714 0.97396372 0.98841696 0.99757523
 0.99965109 0.99991791 0.99992936 0.99992149 0.99998612 0.99998422
 0.99998613 0.99999452 0.99999336 0.99998977]
