Theoretical best reward: 10590097.0153
Best run: 491.0
Best reward: 5575.033413830418
Deltas: [0.7248889479187841, 1.9157187342521085, 2.48606204479145, 2.8876565554868527, 2.0025111378373786, 2.0176177860124875, 3.6631628527122153, 4.2419893312284875, 4.413307012183399, 4.681016973954069, 6.7755148848646725, 6.7793707058743236, 6.804195456818741, 8.327646579524624, 8.330354080417644, 10.036870636856557]
Delta relative errors: [0.27511105 0.52107032 0.68924224 0.67914927 0.00125557 0.66373037
 0.63368371 0.06049733 0.1173386  0.41487288 0.12925248 0.03151847
 0.31958045 0.04095582 0.0744051  0.00368706]
Lambdas: [0.3320778687541297, 0.004059063968405785, 0.00025281943899762264, 0.0032211859421463077, 0.0026459411717330962, 0.009995387180593103, 0.0002886732792926164, 4.0400975763670634e-05, 0.00014443336165037834, 4.509177444117669e-05, 5.57626582852832e-06, 2.196492699531267e-05, 9.011389693653075e-07, 3.495711315231366e-06, 4.748619828478069e-06, 7.983107956187793e-06]
Lambdas relative errors: [3.28311475e-01 1.56259260e+01 5.23555103e+03 3.45872107e+06
 8.30659765e-01 2.91036753e+03 1.92863357e+05 8.16130670e-01
 8.46558479e+00 4.22648086e+02 1.81400608e-01 2.77898691e+01
 2.12870738e+02 1.19632884e+01 1.25903260e+02 6.62777125e+02]
