Best 25 rewards
OPE 2 means:
[8.61081299e-06 5.99297550e-02 7.89787674e-02 8.22520510e-02
 7.92353942e-02 7.29698615e-02 6.53656990e-02 5.73579832e-02
 5.07687553e-02 4.76529350e-02 3.81917808e-02 3.82329861e-02
 3.58932982e-02 3.32844115e-02 3.10490794e-02 2.92215591e-02
 2.74392636e-02]
OPE 2 stds:
[1.57078507e-05 6.29597409e-04 6.23241185e-04 6.17334676e-04
 3.52119514e-04 2.77098864e-04 1.59076687e-04 1.93622166e-04
 1.53187542e-04 1.52175696e-04 1.64614220e-03 6.14378280e-04
 6.73689268e-04 5.23311138e-04 6.90779295e-04 6.36088097e-04
 1.09789425e-03]
OPE 3 means:
[0.2056957  0.15013902 0.13283348 0.13050031 0.133717   0.1402231
 0.14849651 0.15780826 0.16402308 0.16308264 0.14851436 0.13688494
 0.13285396 0.1312112  0.13037642 0.12988181 0.129857  ]
OPE 3 stds:
[1.78604936e-05 7.73103922e-04 9.47548718e-04 1.16560560e-03
 7.95139409e-04 7.04156488e-04 4.07318214e-04 4.84994176e-04
 3.37733666e-04 3.41855206e-04 2.23843938e-03 7.15923761e-04
 7.36216755e-04 5.51374925e-04 7.18397226e-04 6.54260068e-04
 1.12092904e-03]
std relative to mean
[4.47804106e-14 4.00117973e+00 8.63202618e-01 9.43987315e+00
 9.05137352e+01 1.01884362e+02 9.29028607e+01 1.09801243e+02
 1.32639908e+01 6.93768009e+01]
OPE 2 lower bounds: 
[0.07895281 0.08549427 0.08693909 0.08727162 0.08414483 0.07863379
 0.07235719 0.06645009 0.06137977 0.05720287 0.03937758 0.03416609
 0.0317196  0.03029819 0.02936815 0.02871174 0.02822345]
OPE 2 upper bounds: 
[0.13385702 0.11407538 0.10783158 0.10176642 0.09456875 0.08669733
 0.07898621 0.07204433 0.06605672 0.06118142 0.04019841 0.03446949
 0.0318709  0.0303872  0.02942652 0.02875309 0.0282545 ]
OPE 3 lower bounds: 
[0.06528438 0.08557472 0.09193905 0.09741498 0.10356102 0.11048264
 0.11775672 0.1247986  0.13120819 0.1361811  0.1461752  0.14142112
 0.13735378 0.13435798 0.13212386 0.13040988 0.12905884]
OPE 3 upper bounds: 
[0.12281794 0.11981268 0.12208698 0.12289717 0.12537067 0.12960487
 0.13455124 0.13911497 0.14279051 0.14548199 0.1473386  0.14178453
 0.13752255 0.13445374 0.13218535 0.13045288 0.12909084]
