Best 10 rewards
OPE 2 means:
[0.06054011 0.07961443 0.08286427 0.07958215 0.07322977 0.06553231
 0.05752878 0.0508297 ]
OPE 2 stds:
[4.41648909e-04 4.42871305e-04 5.03441816e-04 2.95868794e-04
 1.97468552e-04 7.63276033e-05 1.79090824e-04 1.13631907e-04]
OPE 3 means:
[0.14938783 0.13186641 0.12934453 0.1329423  0.13955902 0.14806513
 0.15737911 0.16388095]
OPE 3 stds:
[0.00053958 0.0006761  0.00094755 0.00067711 0.00048982 0.00020402
 0.0004416  0.00024975]
std relative to mean
[1.47436496e-14 2.23554141e-01 1.52397567e-01 2.23367444e+00
 1.24789009e+02 8.93448941e+01 7.85930927e+01 1.68466862e+02
 1.13260177e+01 5.62640281e+01]
OPE 2 lower bounds: 
[0.08549427 0.08693909 0.08727162 0.08414483 0.07863379 0.07235719
 0.06645009 0.06137977]
OPE 2 upper bounds: 
[0.11407538 0.10783158 0.10176642 0.09456875 0.08669733 0.07898621
 0.07204433 0.06605672]
OPE 3 lower bounds: 
[0.08557472 0.09193905 0.09741498 0.10356102 0.11048264 0.11775672
 0.1247986  0.13120819]
OPE 3 upper bounds: 
[0.11981268 0.12208698 0.12289717 0.12537067 0.12960487 0.13455124
 0.13911497 0.14279051]
