Number of runs considered: 25
Average reward: 1990.867298665751
Reward standard deviation: 519.1846335413352
Delta averages: [ 2.9896113   6.0912329   2.40974202  4.39658004  6.93157656  5.17864876
  8.31381726  6.85276431  8.70139522  9.05906116 10.3073463 ]
Delta standard deviations: [0.68277085 2.62408818 0.50457775 1.12964166 1.71804598 0.72391188
 1.38016686 0.53335627 0.87342554 0.78485645 0.2202119 ]
Delta relative std: [0.22838114 0.43079754 0.20939078 0.25693645 0.2478579  0.13978779
 0.1660088  0.07783082 0.10037764 0.08663772 0.02136456]
Delta relative error mean: [1.9896113  5.0912329  1.40974202 3.39658004 5.93157656 4.17864876
 7.31381726 5.85276431 7.70139522 8.05906116 9.3073463 ]
OPE coefficient averages: [1.01143161e+00 3.79895231e-01 5.94176541e-01 9.83290803e-02
 7.09948148e-02 5.34511392e-02 6.16930807e-03 3.71636295e-03
 1.12237481e-03 3.40398363e-04 4.69906858e-05]
OPE coefficient standard deviation: [3.69124189e-01 3.29956949e-01 2.59227660e-01 7.89781275e-02
 6.49479773e-02 2.42392346e-02 9.28351350e-03 2.41027933e-03
 8.88968561e-04 1.36525698e-04 2.21174857e-05]
OPE coefficient relative std: [0.3649522  0.86854723 0.43628054 0.80320214 0.91482705 0.45348397
 1.50479006 0.64855865 0.79204251 0.40107625 0.47067808]
OPE coefficient average relative error: [0.30045068 0.62827806 0.43018414 0.90167092 0.92900519 0.94654886
 0.99383069 0.99628364 0.99887763 0.9996596  0.99995301]
