Best 10 rewards
OPE 2 means:
[7.71954184e-06 6.05401123e-02 7.96144312e-02 8.28642669e-02
 7.95821459e-02 7.32297680e-02 6.55323110e-02 5.75287783e-02
 5.08297034e-02 4.77636296e-02 4.47115736e-02 4.24879218e-02
 3.89483090e-02 3.70446648e-02 3.81570626e-02 4.02099623e-02
 3.86073321e-02 3.72131427e-02 3.63845840e-02 3.43333458e-02
 3.34824643e-02 3.21848110e-02 3.16252343e-02 3.04912547e-02
 2.96569081e-02 2.75938738e-02]
OPE 2 lower bounds: 
[0.07895281 0.08549427 0.08693909 0.08727162 0.08414483 0.07863379
 0.07235719 0.06645009 0.06137977 0.05720287 0.05099763 0.04669567
 0.04356771 0.04121112 0.03937758 0.03619844 0.03416609 0.03275576
 0.0317196  0.03092587 0.03029819 0.02978924 0.02936815 0.02901391
 0.02871174 0.02822345]
OPE 2 upper bounds: 
[0.13385702 0.11407538 0.10783158 0.10176642 0.09456875 0.08669733
 0.07898621 0.07204433 0.06605672 0.06118142 0.05393092 0.04870602
 0.04500306 0.04227858 0.04019841 0.03667194 0.03446949 0.0329645
 0.0318709  0.03104005 0.0303872  0.02986051 0.02942652 0.02906264
 0.02875309 0.0282545 ]
OPE 2 stds:
[1.32932923e-05 4.41648909e-04 4.42871305e-04 5.03441816e-04
 2.95868794e-04 1.97468552e-04 7.63276033e-05 1.79090824e-04
 1.13631907e-04 1.03754976e-04 3.61366080e-04 6.86695216e-04
 8.72055236e-04 9.17913086e-04 1.39082286e-03 7.96217719e-04
 5.73075378e-04 4.56337081e-04 4.24883399e-04 6.28969953e-04
 3.31271476e-04 5.19983179e-04 6.26524585e-04 8.15209156e-04
 5.38226159e-04 5.73845144e-04]
OPE 2 relative error x100
[1.72203125e+02 7.29514519e-01 5.56270137e-01 6.07549955e-01
 3.71777853e-01 2.69656121e-01 1.16473236e-01 3.11306497e-01
 2.23554141e-01 2.17225903e-01 8.08215973e-01 1.61621277e+00
 2.23900667e+00 2.47785502e+00 3.64499457e+00 1.98015037e+00
 1.48436928e+00 1.22627934e+00 1.16775665e+00 1.83195065e+00
 9.89387975e-01 1.61561669e+00 1.98109073e+00 2.67358351e+00
 1.81484246e+00 2.07961067e+00]
OPE 2 bound error x100
[69.54053753 33.43043791 24.03118325 16.60883047 12.38806998 10.25455157
  9.16151743  8.41871474  7.61970044  6.95515109  5.75181737  4.30519866
  3.29451217  2.59023564  2.08451737  1.30807413  0.88801344  0.63724026
  0.47696537  0.36919723  0.2937851   0.23926589  0.19875827  0.16795117
  0.14403756  0.10999155]



OPE 3 means:
[0.20568706 0.14938783 0.13186641 0.12934453 0.1329423  0.13955902
 0.14806513 0.15737911 0.16388095 0.16281858 0.15807254 0.15500797
 0.15537517 0.15376016 0.14856581 0.13928046 0.13645023 0.13435051
 0.13231443 0.13212048 0.13100026 0.13065864 0.12977685 0.12968411
 0.12943294 0.12969642]
OPE 3 lower bounds: 
[0.06528438 0.08557472 0.09193905 0.09741498 0.10356102 0.11048264
 0.11775672 0.1247986  0.13120819 0.1361811  0.1424684  0.14573915
 0.14681471 0.14676918 0.1461752  0.14385905 0.14142112 0.13923712
 0.13735378 0.13574163 0.13435798 0.13316313 0.13212386 0.13121328
 0.13040988 0.12905884]
OPE 3 upper bounds: 
[0.12281794 0.11981268 0.12208698 0.12289717 0.12537067 0.12960487
 0.13455124 0.13911497 0.14279051 0.14548199 0.14844687 0.14935216
 0.14915    0.14837676 0.1473386  0.14446374 0.14178453 0.13947684
 0.13752255 0.13586638 0.13445374 0.13323891 0.13218535 0.13126425
 0.13045288 0.12909084]
OPE 3 stds:
[1.41776561e-05 5.39584909e-04 6.76101817e-04 9.47551070e-04
 6.77112301e-04 4.89819400e-04 2.04016041e-04 4.41604025e-04
 2.49750579e-04 2.19863721e-04 6.92973045e-04 1.18282350e-03
 1.35223531e-03 1.32252973e-03 1.89046601e-03 9.83595732e-04
 6.70426961e-04 5.11702610e-04 4.62624262e-04 6.74941901e-04
 3.51123041e-04 5.45474326e-04 6.51171757e-04 8.41044301e-04
 5.53466504e-04 5.86874950e-04]
OPE 3 relative error x100
[0.00689283 0.36119736 0.51271724 0.73257914 0.50932796 0.35097652
 0.13778804 0.28059888 0.15239757 0.13503602 0.43838927 0.76307272
 0.87030336 0.86012513 1.2724772  0.70619795 0.49133445 0.38087136
 0.34964006 0.51085337 0.26803232 0.41748048 0.50176266 0.64853303
 0.4276087  0.45249897]
OPE 3 bound error x100
[8.81275905e+01 4.00094289e+01 3.27912087e+01 2.61583899e+01
 2.10597121e+01 1.73079043e+01 1.42620438e+01 1.14715778e+01
 8.82743816e+00 6.82979280e+00 4.19634772e+00 2.47909891e+00
 1.59063693e+00 1.09531192e+00 7.95894293e-01 4.20334682e-01
 2.56968273e-01 1.72164559e-01 1.22876985e-01 9.18984891e-02
 7.12706285e-02 5.69080428e-02 4.65437139e-02 3.88416825e-02
 3.29737895e-02 2.47928605e-02]



OPE 2+3 means:
[0.20569477 0.20992795 0.21148084 0.2122088  0.21252444 0.21278879
 0.21359744 0.21490789 0.21471065 0.21058221 0.20278411 0.19749589
 0.19432348 0.19080482 0.18672287 0.17949042 0.17505756 0.17156365
 0.16869902 0.16645382 0.16448273 0.16284345 0.16140208 0.16017537
 0.15908985 0.15729029]
OPE 2+3 lower bounds: 
[0.14423719 0.171069   0.17887814 0.1846866  0.18770585 0.18911643
 0.19011391 0.19124869 0.19258796 0.19338398 0.19346604 0.19243482
 0.19038243 0.18798029 0.18555278 0.18005748 0.17558721 0.17199288
 0.16907338 0.1666675  0.16465617 0.16295237 0.16149201 0.1602272
 0.15912161 0.1572823 ]
OPE 2+3 upper bounds: 
[0.25667495 0.23388806 0.22991856 0.22466359 0.21993942 0.2163022
 0.21353745 0.2111593  0.20884723 0.20666341 0.2023778  0.19805818
 0.19415306 0.19065534 0.18753701 0.18113567 0.17625402 0.17244133
 0.16939345 0.16690643 0.16484094 0.16309942 0.16161187 0.16032689
 0.15920597 0.15734534]
OPE 2+3 stds:
[5.41155248e-06 9.84223329e-05 2.33469474e-04 4.44506079e-04
 3.81444964e-04 2.92526928e-04 1.29284735e-04 2.63992611e-04
 1.36544733e-04 1.16722001e-04 3.31817754e-04 4.96277409e-04
 4.80235990e-04 4.04653773e-04 4.99654119e-04 1.87439282e-04
 9.74206163e-05 5.55177866e-05 3.78168224e-05 4.60874533e-05
 1.99956003e-05 2.55642380e-05 2.46967178e-05 2.58856270e-05
 1.52934139e-05 1.30755137e-05]
OPE 2+3 relative error x100
[0.00263087 0.04688386 0.11039746 0.20946637 0.17948287 0.1374729
 0.06052729 0.12283989 0.06359476 0.05542824 0.16363104 0.25128493
 0.24713225 0.21207733 0.26759128 0.10442857 0.05565062 0.03235988
 0.02241674 0.02768783 0.01215666 0.01569866 0.01530136 0.0161608
 0.00961307 0.00831298]
OPE 2+3 bound error x100
[7.79533766e+01 3.67214804e+01 2.85336250e+01 2.16458506e+01
 1.71723860e+01 1.43751509e+01 1.23207878e+01 1.04108489e+01
 8.44251968e+00 6.86687371e+00 4.60636940e+00 2.92221496e+00
 1.98055712e+00 1.42304560e+00 1.06936289e+00 5.98804238e-01
 3.79758214e-01 2.60737466e-01 1.89306978e-01 1.43352462e-01
 1.12215252e-01 9.02447835e-02 7.42247094e-02 6.22208060e-02
 5.30140204e-02 4.00813020e-02]
