Best 25 rewards
OPE 2 means:
[8.61081299e-06 5.99297550e-02 7.89787674e-02 8.22520510e-02
 7.92353942e-02 7.29698615e-02 6.53656990e-02 5.73579832e-02
 5.07687553e-02 4.76529350e-02 4.43662351e-02 4.17151819e-02
 3.90129048e-02 3.72621021e-02 3.81917808e-02 3.92415610e-02
 3.82329861e-02 3.68694439e-02 3.58932982e-02 3.37969462e-02
 3.32844115e-02 3.17573273e-02 3.10490794e-02 2.97786352e-02
 2.92215591e-02 2.74392636e-02]
OPE 2 lower bounds: 
[0.07895281 0.08549427 0.08693909 0.08727162 0.08414483 0.07863379
 0.07235719 0.06645009 0.06137977 0.05720287 0.05099763 0.04669567
 0.04356771 0.04121112 0.03937758 0.03619844 0.03416609 0.03275576
 0.0317196  0.03092587 0.03029819 0.02978924 0.02936815 0.02901391
 0.02871174 0.02822345]
OPE 2 upper bounds: 
[0.13385702 0.11407538 0.10783158 0.10176642 0.09456875 0.08669733
 0.07898621 0.07204433 0.06605672 0.06118142 0.05393092 0.04870602
 0.04500306 0.04227858 0.04019841 0.03667194 0.03446949 0.0329645
 0.0318709  0.03104005 0.0303872  0.02986051 0.02942652 0.02906264
 0.02875309 0.0282545 ]
OPE 2 stds:
[1.57078507e-05 6.29597409e-04 6.23241185e-04 6.17334676e-04
 3.52119514e-04 2.77098864e-04 1.59076687e-04 1.93622166e-04
 1.53187542e-04 1.52175696e-04 3.83347430e-04 8.37946707e-04
 1.12253429e-03 1.09271126e-03 1.64614220e-03 1.14678860e-03
 6.14378280e-04 5.39205384e-04 6.73689268e-04 6.64843766e-04
 5.23311138e-04 6.38361162e-04 6.90779295e-04 8.72051566e-04
 6.36088097e-04 1.09789425e-03]
OPE 2 relative error x100
[182.4200655    1.05055896   0.78912498   0.75054016   0.44439675
   0.37974426   0.24336416   0.33756795   0.30173586   0.31934171
   0.8640522    2.0087332    2.87734097   2.93250031   4.31020016
   2.92238272   1.6069325    1.46247225   1.87692216   1.96717112
   1.57224092   2.01012244   2.224798     2.92844706   2.17677672
   4.00117973]
OPE 2 bound error x100
[69.54053753 33.43043791 24.03118325 16.60883047 12.38806998 10.25455157
  9.16151743  8.41871474  7.61970044  6.95515109  5.75181737  4.30519866
  3.29451217  2.59023564  2.08451737  1.30807413  0.88801344  0.63724026
  0.47696537  0.36919723  0.2937851   0.23926589  0.19875827  0.16795117
  0.14403756  0.10999155]



OPE 3 means:
[0.2056957  0.15013902 0.13283348 0.13050031 0.133717   0.1402231
 0.14849651 0.15780826 0.16402308 0.16308264 0.15874052 0.15632354
 0.1552642  0.15343955 0.14851436 0.14047348 0.13688494 0.13473763
 0.13285396 0.13269463 0.1312112  0.13110784 0.13037642 0.13042248
 0.12988181 0.129857  ]
OPE 3 lower bounds: 
[0.06528438 0.08557472 0.09193905 0.09741498 0.10356102 0.11048264
 0.11775672 0.1247986  0.13120819 0.1361811  0.1424684  0.14573915
 0.14681471 0.14676918 0.1461752  0.14385905 0.14142112 0.13923712
 0.13735378 0.13574163 0.13435798 0.13316313 0.13212386 0.13121328
 0.13040988 0.12905884]
OPE 3 upper bounds: 
[0.12281794 0.11981268 0.12208698 0.12289717 0.12537067 0.12960487
 0.13455124 0.13911497 0.14279051 0.14548199 0.14844687 0.14935216
 0.14915    0.14837676 0.1473386  0.14446374 0.14178453 0.13947684
 0.13752255 0.13586638 0.13445374 0.13323891 0.13218535 0.13126425
 0.13045288 0.12909084]
OPE 3 stds:
[1.78604936e-05 7.73103922e-04 9.47548718e-04 1.16560560e-03
 7.95139409e-04 7.04156488e-04 4.07318214e-04 4.84994176e-04
 3.37733666e-04 3.41855206e-04 7.42927484e-04 1.44018104e-03
 1.74528171e-03 1.56997305e-03 2.23843938e-03 1.41470813e-03
 7.15923761e-04 6.05149814e-04 7.36216755e-04 7.12782899e-04
 5.51374925e-04 6.69723113e-04 7.18397226e-04 9.01663533e-04
 6.54260068e-04 1.12092904e-03]
OPE 3 relative error x100
[0.00868297 0.51492537 0.71333576 0.89318226 0.59464346 0.50216867
 0.2742948  0.3073313  0.20590618 0.20962084 0.46801378 0.92128228
 1.12407219 1.02318666 1.50722084 1.00709978 0.52301135 0.449132
 0.55415491 0.5371603  0.42021942 0.51081851 0.55101777 0.69134057
 0.50373493 0.86320262]
OPE 3 bound error x100
[8.81275905e+01 4.00094289e+01 3.27912087e+01 2.61583899e+01
 2.10597121e+01 1.73079043e+01 1.42620438e+01 1.14715778e+01
 8.82743816e+00 6.82979280e+00 4.19634772e+00 2.47909891e+00
 1.59063693e+00 1.09531192e+00 7.95894293e-01 4.20334682e-01
 2.56968273e-01 1.72164559e-01 1.22876985e-01 9.18984891e-02
 7.12706285e-02 5.69080428e-02 4.65437139e-02 3.88416825e-02
 3.29737895e-02 2.47928605e-02]



OPE 2+3 means:
[0.20570431 0.21006878 0.21181225 0.21275236 0.2129524  0.21319296
 0.21386221 0.21516624 0.21479184 0.21073558 0.20310675 0.19803872
 0.19427711 0.19070166 0.18670614 0.17971504 0.17511792 0.17160707
 0.16874726 0.16649158 0.16449561 0.16286517 0.1614255  0.16020112
 0.15910337 0.15729627]
OPE 2+3 lower bounds: 
[0.14423719 0.171069   0.17887814 0.1846866  0.18770585 0.18911643
 0.19011391 0.19124869 0.19258796 0.19338398 0.19346604 0.19243482
 0.19038243 0.18798029 0.18555278 0.18005748 0.17558721 0.17199288
 0.16907338 0.1666675  0.16465617 0.16295237 0.16149201 0.1602272
 0.15912161 0.1572823 ]
OPE 2+3 upper bounds: 
[0.25667495 0.23388806 0.22991856 0.22466359 0.21993942 0.2163022
 0.21353745 0.2111593  0.20884723 0.20666341 0.2023778  0.19805818
 0.19415306 0.19065534 0.18753701 0.18113567 0.17625402 0.17244133
 0.16939345 0.16690643 0.16484094 0.16309942 0.16161187 0.16032689
 0.15920597 0.15734534]
OPE 2+3 stds:
[9.13354072e-06 1.43737747e-04 3.24551251e-04 5.48456575e-04
 4.43541909e-04 4.27401812e-04 2.49340719e-04 2.92895082e-04
 1.84862878e-04 1.90609089e-04 3.59921445e-04 6.02573084e-04
 6.22833051e-04 4.77334928e-04 5.92330272e-04 2.67975690e-04
 1.01648271e-04 6.61865307e-05 6.26670604e-05 4.80608060e-05
 2.84279115e-05 3.15388964e-05 2.77153627e-05 2.97597394e-05
 1.82911883e-05 2.31890009e-05]
OPE 2+3 relative error x100
[0.00444013 0.06842414 0.15322591 0.25779107 0.20828219 0.20047651
 0.11658942 0.13612502 0.08606606 0.09044941 0.17720802 0.30427034
 0.32059004 0.25030455 0.3172527  0.14911144 0.05804561 0.03856865
 0.03713664 0.02886681 0.01728187 0.01936503 0.01716914 0.01857649
 0.01149642 0.01474225]
OPE 2+3 bound error x100
[7.79533766e+01 3.67214804e+01 2.85336250e+01 2.16458506e+01
 1.71723860e+01 1.43751509e+01 1.23207878e+01 1.04108489e+01
 8.44251968e+00 6.86687371e+00 4.60636940e+00 2.92221496e+00
 1.98055712e+00 1.42304560e+00 1.06936289e+00 5.98804238e-01
 3.79758214e-01 2.60737466e-01 1.89306978e-01 1.43352462e-01
 1.12215252e-01 9.02447835e-02 7.42247094e-02 6.22208060e-02
 5.30140204e-02 4.00813020e-02]
