Best 10 rewards
OPE means:
[0.00405955 0.01383443 0.01504409 0.00636711 0.01769223 0.00400113
 0.003374   0.00304678 0.00400749 0.00353128 0.00221643 0.00243778]
OPE stds:
[0.00357376 0.01107809 0.00962298 0.00456143 0.00835578 0.00347605
 0.00222801 0.00427351 0.00444318 0.00275482 0.00315016 0.00313964]
std relative to mean
[ 88.033301    80.07620375  63.9651651   71.64058567  47.22849986
  86.87663996  66.03485813 140.26330147 110.87167746  78.01185864
 142.12802055 128.79051775]
delta means:
[ 9.5208845   8.29113259  7.19027794  9.74112303 11.71642009]
OPE stds:
[3.49827537 2.31520993 1.74370983 3.5090279  5.59112621]
std relative to mean
[36.7431762  27.92392845 24.25093775 36.02282701 47.72043133]
