Best 25 rewards
OPE means:
[0.00403383 0.01572009 0.01527926 0.00697279 0.01578196 0.00459292
 0.00393593 0.00214874 0.00265529 0.00303426 0.00181458 0.00366855]
OPE stds:
[0.00318263 0.01013369 0.01082153 0.00492181 0.00843709 0.00412867
 0.00266814 0.00355487 0.00398293 0.00374088 0.00310163 0.00379637]
std relative to mean
[ 78.89860966  64.46327772  70.82496052  70.58602033  53.46034276
  89.89195313  67.7892481  165.43928792 149.99991727 123.28783829
 170.92856005 103.48440552]
delta means:
[10.08819757 10.82493231  9.62554055 11.6698784   9.90503873]
OPE stds:
[3.84455932 4.79888748 4.85450753 5.84313325 5.02882589]
std relative to mean
[38.10947684 44.33180122 50.43360951 50.07021536 50.77038084]
