Best 10 rewards
OPE 2 means:
[0.03815706 0.0401809  0.03860733 0.03721314 0.03563862 0.03433335
 0.03348246 0.03218481 0.03162523 0.03049125 0.02965691 0.02759387]
OPE 2 stds:
[0.00139082 0.00090997 0.00057308 0.00045634 0.00056348 0.00062897
 0.00033127 0.00051998 0.00062652 0.00081521 0.00053823 0.00057385]
OPE 3 means:
[0.14856581 0.13931637 0.13645023 0.13435051 0.13313345 0.13212048
 0.13100026 0.13065864 0.12977685 0.12968411 0.12943294 0.12969642]
OPE 3 stds:
[0.00189047 0.00112401 0.00067043 0.0005117  0.00061553 0.00067494
 0.00035112 0.00054547 0.00065117 0.00084104 0.00055347 0.00058687]
OPE 2+3 means:
[0.18672287 0.17949727 0.17505756 0.17156365 0.16877207 0.16645382
 0.16448273 0.16284345 0.16140208 0.16017537 0.15908985 0.15729029]
std relative to mean
[1.49268035e-14 2.07961067e+00 4.52498970e-01 4.38377251e+00
 7.52048622e+01 8.03507675e+01 8.28551790e+01 8.35668801e+01
 9.69663980e+00 3.39773077e+01]
OPE 2 lower bounds: 
[0.03937758 0.03619844 0.03416609 0.03275576 0.0317196  0.03092587
 0.03029819 0.02978924 0.02936815 0.02901391 0.02871174 0.02822345]
OPE 2 upper bounds: 
[0.04019841 0.03667194 0.03446949 0.0329645  0.0318709  0.03104005
 0.0303872  0.02986051 0.02942652 0.02906264 0.02875309 0.0282545 ]
OPE 3 lower bounds: 
[0.1461752  0.14385905 0.14142112 0.13923712 0.13735378 0.13574163
 0.13435798 0.13316313 0.13212386 0.13121328 0.13040988 0.12905884]
OPE 3 upper bounds: 
[0.1473386  0.14446374 0.14178453 0.13947684 0.13752255 0.13586638
 0.13445374 0.13323891 0.13218535 0.13126425 0.13045288 0.12909084]
OPE 2+3 lower bounds: 
[0.18555278 0.18005748 0.17558721 0.17199288 0.16907338 0.1666675
 0.16465617 0.16295237 0.16149201 0.1602272  0.15912161 0.1572823 ]
OPE 2+3 upper bounds: 
[0.18753701 0.18113567 0.17625402 0.17244133 0.16939345 0.16690643
 0.16484094 0.16309942 0.16161187 0.16032689 0.15920597 0.15734534]
