Best 25 rewards
OPE 2 means:
[0.03819178 0.03893614 0.03823299 0.03686944 0.03521096 0.03379695
 0.03328441 0.03175733 0.03104908 0.02977864 0.02922156 0.02743926]
OPE 2 stds:
[0.00164614 0.00127383 0.00061438 0.00053921 0.00062581 0.00066484
 0.00052331 0.00063836 0.00069078 0.00087205 0.00063609 0.00109789]
OPE 3 means:
[0.14851436 0.1408484  0.13688494 0.13473763 0.13360105 0.13269463
 0.1312112  0.13110784 0.13037642 0.13042248 0.12988181 0.129857  ]
OPE 3 stds:
[0.00223844 0.00157034 0.00071592 0.00060515 0.00068476 0.00071278
 0.00055137 0.00066972 0.0007184  0.00090166 0.00065426 0.00112093]
OPE 2+3 means:
[0.18670614 0.17978454 0.17511792 0.17160707 0.16881201 0.16649158
 0.16449561 0.16286517 0.1614255  0.16020112 0.15910337 0.15729627]
std relative to mean
[4.47804106e-14 4.00117973e+00 8.63202618e-01 9.43987315e+00
 9.05137352e+01 1.01884362e+02 9.29028607e+01 1.09801243e+02
 1.32639908e+01 6.93768009e+01]
OPE 2 lower bounds: 
[0.03937758 0.03619844 0.03416609 0.03275576 0.0317196  0.03092587
 0.03029819 0.02978924 0.02936815 0.02901391 0.02871174 0.02822345]
OPE 2 upper bounds: 
[0.04019841 0.03667194 0.03446949 0.0329645  0.0318709  0.03104005
 0.0303872  0.02986051 0.02942652 0.02906264 0.02875309 0.0282545 ]
OPE 3 lower bounds: 
[0.1461752  0.14385905 0.14142112 0.13923712 0.13735378 0.13574163
 0.13435798 0.13316313 0.13212386 0.13121328 0.13040988 0.12905884]
OPE 3 upper bounds: 
[0.1473386  0.14446374 0.14178453 0.13947684 0.13752255 0.13586638
 0.13445374 0.13323891 0.13218535 0.13126425 0.13045288 0.12909084]
OPE 2+3 lower bounds: 
[0.18555278 0.18005748 0.17558721 0.17199288 0.16907338 0.1666675
 0.16465617 0.16295237 0.16149201 0.1602272  0.15912161 0.1572823 ]
OPE 2+3 upper bounds: 
[0.18753701 0.18113567 0.17625402 0.17244133 0.16939345 0.16690643
 0.16484094 0.16309942 0.16161187 0.16032689 0.15920597 0.15734534]
